rho [kg/m3], e [J/kg], P [Pa] 
84.52094, 366570.59025, 1285000.00000 
84.37453, 366544.22221, 1283725.92593 
84.22840, 366517.83912, 1282451.85185 
84.08255, 366491.44091, 1281177.77778 
83.93697, 366465.02751, 1279903.70370 
83.79167, 366438.59885, 1278629.62963 
83.64665, 366412.15486, 1277355.55556 
83.50189, 366385.69547, 1276081.48148 
83.35741, 366359.22061, 1274807.40741 
83.21320, 366332.73020, 1273533.33333 
83.06926, 366306.22418, 1272259.25926 
82.92559, 366279.70247, 1270985.18519 
82.78218, 366253.16501, 1269711.11111 
82.63904, 366226.61173, 1268437.03704 
82.49617, 366200.04254, 1267162.96296 
82.35357, 366173.45739, 1265888.88889 
82.21122, 366146.85620, 1264614.81481 
82.06914, 366120.23889, 1263340.74074 
81.92732, 366093.60541, 1262066.66667 
81.78576, 366066.95567, 1260792.59259 
81.64446, 366040.28962, 1259518.51852 
81.50342, 366013.60716, 1258244.44444 
81.36264, 365986.90824, 1256970.37037 
81.22212, 365960.19279, 1255696.29630 
81.08184, 365933.46072, 1254422.22222 
80.94183, 365906.71198, 1253148.14815 
80.80207, 365879.94649, 1251874.07407 
80.66256, 365853.16417, 1250600.00000 
80.52330, 365826.36496, 1249325.92593 
80.38429, 365799.54879, 1248051.85185 
80.24554, 365772.71557, 1246777.77778 
80.10703, 365745.86525, 1245503.70370 
79.96877, 365718.99775, 1244229.62963 
79.83076, 365692.11300, 1242955.55556 
79.69299, 365665.21092, 1241681.48148 
79.55547, 365638.29145, 1240407.40741 
79.41819, 365611.35451, 1239133.33333 
79.28116, 365584.40003, 1237859.25926 
79.14437, 365557.42795, 1236585.18519 
79.00782, 365530.43817, 1235311.11111 
78.87151, 365503.43065, 1234037.03704 
78.73544, 365476.40529, 1232762.96296 
78.59961, 365449.36203, 1231488.88889 
78.46402, 365422.30081, 1230214.81481 
78.32867, 365395.22154, 1228940.74074 
78.19355, 365368.12415, 1227666.66667 
78.05867, 365341.00857, 1226392.59259 
77.92402, 365313.87473, 1225118.51852 
77.78960, 365286.72256, 1223844.44444 
77.65542, 365259.55197, 1222570.37037 
77.52147, 365232.36291, 1221296.29630 
77.38776, 365205.15530, 1220022.22222 
77.25427, 365177.92906, 1218748.14815 
77.12101, 365150.68412, 1217474.07407 
76.98798, 365123.42041, 1216200.00000 
76.85518, 365096.13786, 1214925.92593 
76.72260, 365068.83639, 1213651.85185 
76.59025, 365041.51592, 1212377.77778 
76.45813, 365014.17640, 1211103.70370 
76.32623, 364986.81773, 1209829.62963 
76.19456, 364959.43985, 1208555.55556 
76.06311, 364932.04269, 1207281.48148 
75.93188, 364904.62617, 1206007.40741 
75.80087, 364877.19022, 1204733.33333 
75.67008, 364849.73476, 1203459.25926 
75.53951, 364822.25972, 1202185.18519 
75.40917, 364794.76503, 1200911.11111 
75.27904, 364767.25061, 1199637.03704 
75.14912, 364739.71638, 1198362.96296 
75.01943, 364712.16250, 1197088.88889 
74.88995, 364684.58844, 1195814.81481 
74.76068, 364656.99437, 1194540.74074 
74.63163, 364629.38019, 1193266.66667 
74.50280, 364601.74584, 1191992.59259 
74.37417, 364574.09124, 1190718.51852 
74.24576, 364546.41632, 1189444.44444 
74.11756, 364518.72100, 1188170.37037 
73.98957, 364491.00520, 1186896.29630 
73.86179, 364463.26886, 1185622.22222 
73.73422, 364435.51189, 1184348.14815 
73.60686, 364407.73422, 1183074.07407 
73.47971, 364379.93578, 1181800.00000 
73.35276, 364352.11648, 1180525.92593 
73.22602, 364324.27627, 1179251.85185 
73.09949, 364296.41505, 1177977.77778 
72.97316, 364268.53275, 1176703.70370 
72.84703, 364240.62930, 1175429.62963 
72.72111, 364212.70462, 1174155.55556 
72.59539, 364184.75864, 1172881.48148 
72.46988, 364156.79127, 1171607.40741 
72.34456, 364128.80245, 1170333.33333 
72.21945, 364100.79209, 1169059.25926 
72.09453, 364072.76012, 1167785.18519 
71.96982, 364044.70646, 1166511.11111 
71.84530, 364016.63104, 1165237.03704 
71.72099, 363988.53378, 1163962.96296 
71.59687, 363960.41459, 1162688.88889 
71.47294, 363932.27342, 1161414.81481 
71.34922, 363904.11017, 1160140.74074 
71.22569, 363875.92477, 1158866.66667 
71.10235, 363847.71714, 1157592.59259 
70.97921, 363819.48720, 1156318.51852 
70.85626, 363791.23489, 1155044.44444 
70.73350, 363762.96011, 1153770.37037 
70.61094, 363734.66279, 1152496.29630 
70.48856, 363706.34286, 1151222.22222 
70.36638, 363678.00023, 1149948.14815 
70.24439, 363649.63482, 1148674.07407 
70.12259, 363621.24656, 1147400.00000 
70.00098, 363592.83537, 1146125.92593 
69.87955, 363564.40117, 1144851.85185 
69.75832, 363535.94388, 1143577.77778 
69.63727, 363507.46343, 1142303.70370 
69.51641, 363478.95972, 1141029.62963 
69.39573, 363450.43269, 1139755.55556 
69.27524, 363421.88225, 1138481.48148 
69.15493, 363393.30833, 1137207.40741 
69.03481, 363364.71083, 1135933.33333 
68.91487, 363336.08970, 1134659.25926 
68.79512, 363307.44483, 1133385.18519 
68.67554, 363278.77616, 1132111.11111 
68.55615, 363250.08360, 1130837.03704 
68.43694, 363221.36708, 1129562.96296 
68.31791, 363192.62651, 1128288.88889 
68.19906, 363163.86180, 1127014.81481 
68.08039, 363135.07289, 1125740.74074 
67.96190, 363106.25969, 1124466.66667 
67.84359, 363077.42211, 1123192.59259 
67.72545, 363048.56008, 1121918.51852 
67.60749, 363019.67351, 1120644.44444 
67.48971, 362990.76233, 1119370.37037 
67.37211, 362961.82644, 1118096.29630 
67.25468, 362932.86578, 1116822.22222 
67.13742, 362903.88024, 1115548.14815 
67.02034, 362874.86977, 1114274.07407 
66.90343, 362845.83426, 1113000.00000 
66.78670, 362816.77364, 1111725.92593 
66.67014, 362787.68783, 1110451.85185 
66.55375, 362758.57673, 1109177.77778 
66.43753, 362729.44028, 1107903.70370 
66.32149, 362700.27838, 1106629.62963 
66.20561, 362671.09095, 1105355.55556 
66.08990, 362641.87791, 1104081.48148 
65.97437, 362612.63917, 1102807.40741 
65.85900, 362583.37465, 1101533.33333 
65.74380, 362554.08426, 1100259.25926 
65.62877, 362524.76793, 1098985.18519 
65.51391, 362495.42556, 1097711.11111 
65.39921, 362466.05707, 1096437.03704 
65.28468, 362436.66237, 1095162.96296 
65.17031, 362407.24138, 1093888.88889 
65.05611, 362377.79402, 1092614.81481 
64.94208, 362348.32020, 1091340.74074 
64.82821, 362318.81982, 1090066.66667 
64.71450, 362289.29282, 1088792.59259 
64.60096, 362259.73909, 1087518.51852 
64.48758, 362230.15856, 1086244.44444 
64.37436, 362200.55113, 1084970.37037 
64.26130, 362170.91672, 1083696.29630 
64.14841, 362141.25525, 1082422.22222 
64.03567, 362111.56662, 1081148.14815 
63.92310, 362081.85075, 1079874.07407 
63.81068, 362052.10754, 1078600.00000 
63.69843, 362022.33692, 1077325.92593 
63.58633, 361992.53880, 1076051.85185 
63.47440, 361962.71308, 1074777.77778 
63.36262, 361932.85967, 1073503.70370 
63.25099, 361902.97850, 1072229.62963 
63.13953, 361873.06946, 1070955.55556 
63.02822, 361843.13247, 1069681.48148 
62.91706, 361813.16744, 1068407.40741 
62.80607, 361783.17429, 1067133.33333 
62.69522, 361753.15291, 1065859.25926 
62.58454, 361723.10323, 1064585.18519 
62.47400, 361693.02514, 1063311.11111 
62.36362, 361662.91856, 1062037.03704 
62.25339, 361632.78341, 1060762.96296 
62.14332, 361602.61958, 1059488.88889 
62.03340, 361572.42699, 1058214.81481 
61.92363, 361542.20554, 1056940.74074 
61.81401, 361511.95514, 1055666.66667 
61.70454, 361481.67571, 1054392.59259 
61.59522, 361451.36715, 1053118.51852 
61.48606, 361421.02936, 1051844.44444 
61.37704, 361390.66226, 1050570.37037 
61.26817, 361360.26574, 1049296.29630 
61.15945, 361329.83973, 1048022.22222 
61.05088, 361299.38412, 1046748.14815 
60.94245, 361268.89882, 1045474.07407 
60.83418, 361238.38374, 1044200.00000 
60.72605, 361207.83878, 1042925.92593 
60.61806, 361177.26385, 1041651.85185 
60.51023, 361146.65885, 1040377.77778 
60.40254, 361116.02369, 1039103.70370 
60.29499, 361085.35827, 1037829.62963 
60.18759, 361054.66251, 1036555.55556 
60.08033, 361023.93629, 1035281.48148 
59.97322, 360993.17953, 1034007.40741 
59.86625, 360962.39213, 1032733.33333 
59.75943, 360931.57400, 1031459.25926 
59.65275, 360900.72503, 1030185.18519 
59.54620, 360869.84513, 1028911.11111 
59.43981, 360838.93420, 1027637.03704 
59.33355, 360807.99215, 1026362.96296 
59.22743, 360777.01887, 1025088.88889 
59.12146, 360746.01427, 1023814.81481 
59.01563, 360714.97826, 1022540.74074 
58.90993, 360683.91072, 1021266.66667 
58.80438, 360652.81157, 1019992.59259 
58.69896, 360621.68070, 1018718.51852 
58.59368, 360590.51801, 1017444.44444 
58.48854, 360559.32341, 1016170.37037 
58.38354, 360528.09679, 1014896.29630 
58.27868, 360496.83805, 1013622.22222 
58.17395, 360465.54710, 1012348.14815 
58.06937, 360434.22383, 1011074.07407 
57.96491, 360402.86814, 1009800.00000 
57.86060, 360371.47992, 1008525.92593 
57.75642, 360340.05909, 1007251.85185 
57.65237, 360308.60553, 1005977.77778 
57.54846, 360277.11913, 1004703.70370 
57.44468, 360245.59981, 1003429.62963 
57.34104, 360214.04746, 1002155.55556 
57.23753, 360182.46196, 1000881.48148 
57.13416, 360150.84323, 999607.40741 
57.03092, 360119.19115, 998333.33333 
56.92781, 360087.50562, 997059.25926 
56.82483, 360055.78653, 995785.18519 
56.72198, 360024.03378, 994511.11111 
56.61927, 359992.24727, 993237.03704 
56.51669, 359960.42689, 991962.96296 
56.41424, 359928.57253, 990688.88889 
56.31192, 359896.68409, 989414.81481 
56.20973, 359864.76146, 988140.74074 
56.10766, 359832.80453, 986866.66667 
56.00573, 359800.81319, 985592.59259 
55.90393, 359768.78735, 984318.51852 
55.80226, 359736.72688, 983044.44444 
55.70071, 359704.63168, 981770.37037 
55.59929, 359672.50165, 980496.29630 
55.49800, 359640.33667, 979222.22222 
55.39684, 359608.13664, 977948.14815 
55.29580, 359575.90144, 976674.07407 
55.19490, 359543.63096, 975400.00000 
55.09411, 359511.32510, 974125.92593 
54.99346, 359478.98374, 972851.85185 
54.89292, 359446.60677, 971577.77778 
54.79252, 359414.19408, 970303.70370 
54.69224, 359381.74556, 969029.62963 
54.59208, 359349.26109, 967755.55556 
54.49205, 359316.74057, 966481.48148 
54.39214, 359284.18388, 965207.40741 
54.29235, 359251.59090, 963933.33333 
54.19269, 359218.96153, 962659.25926 
54.09315, 359186.29565, 961385.18519 
53.99374, 359153.59314, 960111.11111 
53.89444, 359120.85389, 958837.03704 
53.79527, 359088.07778, 957562.96296 
53.69622, 359055.26470, 956288.88889 
53.59729, 359022.41454, 955014.81481 
53.49848, 358989.52716, 953740.74074 
53.39980, 358956.60247, 952466.66667 
53.30123, 358923.64034, 951192.59259 
53.20278, 358890.64065, 949918.51852 
53.10445, 358857.60329, 948644.44444 
53.00625, 358824.52814, 947370.37037 
52.90816, 358791.41507, 946096.29630 
52.81019, 358758.26397, 944822.22222 
52.71233, 358725.07472, 943548.14815 
52.61460, 358691.84720, 942274.07407 
52.51698, 358658.58129, 941000.00000 
52.41948, 358625.27686, 939725.92593 
52.32210, 358591.93381, 938451.85185 
52.22484, 358558.55199, 937177.77778 
52.12769, 358525.13130, 935903.70370 
52.03066, 358491.67161, 934629.62963 
51.93374, 358458.17279, 933355.55556 
51.83694, 358424.63472, 932081.48148 
51.74026, 358391.05729, 930807.40741 
51.64369, 358357.44036, 929533.33333 
51.54723, 358323.78380, 928259.25926 
51.45089, 358290.08750, 926985.18519 
51.35467, 358256.35133, 925711.11111 
51.25855, 358222.57516, 924437.03704 
51.16255, 358188.75887, 923162.96296 
51.06667, 358154.90232, 921888.88889 
50.97090, 358121.00540, 920614.81481 
50.87524, 358087.06797, 919340.74074 
50.77969, 358053.08990, 918066.66667 
50.68425, 358019.07106, 916792.59259 
50.58893, 357985.01133, 915518.51852 
50.49372, 357950.91058, 914244.44444 
50.39862, 357916.76867, 912970.37037 
50.30363, 357882.58548, 911696.29630 
50.20875, 357848.36087, 910422.22222 
50.11398, 357814.09470, 909148.14815 
50.01932, 357779.78686, 907874.07407 
49.92477, 357745.43720, 906600.00000 
49.83033, 357711.04560, 905325.92593 
49.73600, 357676.61191, 904051.85185 
49.64178, 357642.13601, 902777.77778 
49.54767, 357607.61776, 901503.70370 
49.45367, 357573.05702, 900229.62963 
49.35977, 357538.45366, 898955.55556 
49.26598, 357503.80753, 897681.48148 
49.17230, 357469.11852, 896407.40741 
49.07873, 357434.38647, 895133.33333 
48.98527, 357399.61125, 893859.25926 
48.89191, 357364.79272, 892585.18519 
48.79865, 357329.93074, 891311.11111 
48.70551, 357295.02518, 890037.03704 
48.61247, 357260.07588, 888762.96296 
48.51954, 357225.08272, 887488.88889 
48.42671, 357190.04555, 886214.81481 
48.33399, 357154.96422, 884940.74074 
48.24137, 357119.83861, 883666.66667 
48.14885, 357084.66855, 882392.59259 
48.05645, 357049.45392, 881118.51852 
47.96414, 357014.19477, 879844.44444 
47.87194, 356978.89054, 878570.37037 
47.77984, 356943.54130, 877296.29630 
47.68785, 356908.14689, 876022.22222 
47.59596, 356872.70719, 874748.14815 
47.50417, 356837.22203, 873474.07407 
47.41249, 356801.69126, 872200.00000 
47.32091, 356766.11476, 870925.92593 
47.22943, 356730.49235, 869651.85185 
47.13805, 356694.82390, 868377.77778 
47.04677, 356659.10926, 867103.70370 
46.95560, 356623.34827, 865829.62963 
46.86452, 356587.54078, 864555.55556 
46.77355, 356551.68664, 863281.48148 
46.68268, 356515.78571, 862007.40741 
46.59191, 356479.83782, 860733.33333 
46.50124, 356443.84282, 859459.25926 
46.41066, 356407.80057, 858185.18519 
46.32019, 356371.71089, 856911.11111 
46.22982, 356335.57365, 855637.03704 
46.13955, 356299.38868, 854362.96296 
46.04937, 356263.15583, 853088.88889 
45.95930, 356226.87494, 851814.81481 
45.86932, 356190.54584, 850540.74074 
45.77944, 356154.16840, 849266.66667 
45.68966, 356117.74243, 847992.59259 
45.59998, 356081.26779, 846718.51852 
45.51040, 356044.74431, 845444.44444 
45.42091, 356008.17184, 844170.37037 
45.33152, 355971.55021, 842896.29630 
45.24222, 355934.87925, 841622.22222 
45.15303, 355898.15881, 840348.14815 
45.06393, 355861.38872, 839074.07407 
44.97492, 355824.56881, 837800.00000 
44.88601, 355787.69893, 836525.92593 
44.79720, 355750.77890, 835251.85185 
44.70848, 355713.80856, 833977.77778 
44.61986, 355676.78774, 832703.70370 
44.53133, 355639.71628, 831429.62963 
44.44290, 355602.59400, 830155.55556 
44.35456, 355565.42073, 828881.48148 
44.26632, 355528.19630, 827607.40741 
44.17817, 355490.92055, 826333.33333 
44.09012, 355453.59330, 825059.25926 
44.00216, 355416.21438, 823785.18519 
43.91429, 355378.78362, 822511.11111 
43.82651, 355341.30083, 821237.03704 
43.73883, 355303.76586, 819962.96296 
43.65124, 355266.17851, 818688.88889 
43.56375, 355228.53862, 817414.81481 
43.47634, 355190.84601, 816140.74074 
43.38903, 355153.10050, 814866.66667 
43.30181, 355115.30191, 813592.59259 
43.21468, 355077.45006, 812318.51852 
43.12765, 355039.54478, 811044.44444 
43.04070, 355001.58587, 809770.37037 
42.95385, 354963.57317, 808496.29630 
42.86708, 354925.50648, 807222.22222 
42.78041, 354887.38562, 805948.14815 
42.69383, 354849.21042, 804674.07407 
42.60734, 354810.98068, 803400.00000 
42.52094, 354772.69621, 802125.92593 
42.43462, 354734.35684, 800851.85185 
42.34840, 354695.96237, 799577.77778 
42.26227, 354657.51262, 798303.70370 
42.17622, 354619.00740, 797029.62963 
42.09027, 354580.44651, 795755.55556 
42.00440, 354541.82977, 794481.48148 
41.91863, 354503.15698, 793207.40741 
41.83294, 354464.42795, 791933.33333 
41.74734, 354425.64249, 790659.25926 
41.66182, 354386.80040, 789385.18519 
41.57640, 354347.90149, 788111.11111 
41.49106, 354308.94557, 786837.03704 
41.40581, 354269.93242, 785562.96296 
41.32065, 354230.86187, 784288.88889 
41.23557, 354191.73370, 783014.81481 
41.15059, 354152.54772, 781740.74074 
41.06568, 354113.30372, 780466.66667 
40.98087, 354074.00152, 779192.59259 
40.89614, 354034.64089, 777918.51852 
40.81149, 353995.22164, 776644.44444 
40.72694, 353955.74357, 775370.37037 
40.64246, 353916.20647, 774096.29630 
40.55808, 353876.61013, 772822.22222 
40.47377, 353836.95434, 771548.14815 
40.38956, 353797.23890, 770274.07407 
40.30543, 353757.46360, 769000.00000 
40.22138, 353717.62822, 767725.92593 
40.13742, 353677.73256, 766451.85185 
40.05354, 353637.77641, 765177.77778 
39.96974, 353597.75954, 763903.70370 
39.88603, 353557.68175, 762629.62963 
39.80241, 353517.54282, 761355.55556 
39.71886, 353477.34274, 760081.48148 
39.63540, 353437.08087, 758807.40741 
39.55203, 353396.75721, 757533.33333 
39.46873, 353356.37154, 756259.25926 
39.38552, 353315.92363, 754985.18519 
39.30239, 353275.41327, 753711.11111 
39.21935, 353234.84024, 752437.03704 
39.13638, 353194.20430, 751162.96296 
39.05350, 353153.50523, 749888.88889 
38.97070, 353112.74282, 748614.81481 
38.88798, 353071.91682, 747340.74074 
38.80535, 353031.02701, 746066.66667 
38.72279, 352990.07317, 744792.59259 
38.64032, 352949.05506, 743518.51852 
38.55792, 352907.97246, 742244.44444 
38.47561, 352866.82512, 740970.37037 
38.39338, 352825.61281, 739696.29630 
38.31123, 352784.33530, 738422.22222 
38.22915, 352742.99236, 737148.14815 
38.14716, 352701.58374, 735874.07407 
38.06525, 352660.10921, 734600.00000 
37.98342, 352618.56852, 733325.92593 
37.90167, 352576.96144, 732051.85185 
37.81999, 352535.28772, 730777.77778 
37.73840, 352493.54712, 729503.70370 
37.65689, 352451.73940, 728229.62963 
37.57545, 352409.86431, 726955.55556 
37.49409, 352367.92160, 725681.48148 
37.41281, 352325.91102, 724407.40741 
37.33161, 352283.83233, 723133.33333 
37.25049, 352241.68527, 721859.25926 
37.16945, 352199.46959, 720585.18519 
37.08848, 352157.18503, 719311.11111 
37.00759, 352114.83135, 718037.03704 
36.92678, 352072.40828, 716762.96296 
36.84604, 352029.91559, 715488.88889 
36.76539, 351987.35298, 714214.81481 
36.68481, 351944.72022, 712940.74074 
36.60430, 351902.01703, 711666.66667 
36.52388, 351859.24316, 710392.59259 
36.44353, 351816.39835, 709118.51852 
36.36325, 351773.48231, 707844.44444 
36.28306, 351730.49480, 706570.37037 
36.20293, 351687.43554, 705296.29630 
36.12289, 351644.30426, 704022.22222 
36.04292, 351601.10069, 702748.14815 
35.96302, 351557.82456, 701474.07407 
35.88320, 351514.47559, 700200.00000 
35.80346, 351471.05350, 698925.92593 
35.72379, 351427.55803, 697651.85185 
35.64419, 351383.98890, 696377.77778 
35.56467, 351340.34581, 695103.70370 
35.48523, 351296.62850, 693829.62963 
35.40586, 351252.83667, 692555.55556 
35.32656, 351208.97005, 691281.48148 
35.24734, 351165.02835, 690007.40741 
35.16819, 351121.01128, 688733.33333 
35.08911, 351076.91855, 687459.25926 
35.01011, 351032.74987, 686185.18519 
34.93118, 350988.50496, 684911.11111 
34.85233, 350944.18351, 683637.03704 
34.77355, 350899.78522, 682362.96296 
34.69484, 350855.30982, 681088.88889 
34.61620, 350810.75698, 679814.81481 
34.53764, 350766.12643, 678540.74074 
34.45915, 350721.41784, 677266.66667 
34.38073, 350676.63093, 675992.59259 
34.30238, 350631.76538, 674718.51852 
34.22411, 350586.82089, 673444.44444 
34.14591, 350541.79715, 672170.37037 
34.06777, 350496.69385, 670896.29630 
33.98972, 350451.51089, 669622.22222 
33.91173, 350406.24754, 668348.14815 
33.83381, 350360.90368, 667074.07407 
33.75596, 350315.47901, 665800.00000 
33.67819, 350269.97320, 664525.92593 
33.60049, 350224.38593, 663251.85185 
33.52285, 350178.71688, 661977.77778 
33.44529, 350132.96573, 660703.70370 
33.36780, 350087.13215, 659429.62963 
33.29038, 350041.21580, 658155.55556 
33.21302, 349995.21637, 656881.48148 
33.13574, 349949.13352, 655607.40741 
33.05853, 349902.96692, 654333.33333 
32.98139, 349856.71623, 653059.25926 
32.90431, 349810.38111, 651785.18519 
32.82731, 349763.96123, 650511.11111 
32.75037, 349717.45623, 649237.03704 
32.67351, 349670.86579, 647962.96296 
32.59671, 349624.18956, 646688.88889 
32.51998, 349577.42718, 645414.81481 
32.44333, 349530.57831, 644140.74074 
32.36673, 349483.64260, 642866.66667 
32.29021, 349436.61969, 641592.59259 
32.21376, 349389.50923, 640318.51852 
32.13737, 349342.31087, 639044.44444 
32.06105, 349295.02423, 637770.37037 
31.98480, 349247.64897, 636496.29630 
31.90862, 349200.18471, 635222.22222 
31.83250, 349152.63110, 633948.14815 
31.75646, 349104.98775, 632674.07407 
31.68048, 349057.25432, 631400.00000 
31.60456, 349009.43041, 630125.92593 
31.52871, 348961.51566, 628851.85185 
31.45293, 348913.50969, 627577.77778 
31.37722, 348865.41212, 626303.70370 
31.30157, 348817.22257, 625029.62963 
31.22599, 348768.94065, 623755.55556 
31.15048, 348720.56599, 622481.48148 
31.07503, 348672.09819, 621207.40741 
30.99965, 348623.53686, 619933.33333 
30.92433, 348574.88161, 618659.25926 
30.84908, 348526.13204, 617385.18519 
30.77390, 348477.28776, 616111.11111 
30.69878, 348428.34837, 614837.03704 
30.62372, 348379.31346, 613562.96296 
30.54873, 348330.18263, 612288.88889 
30.47381, 348280.95547, 611014.81481 
30.39895, 348231.63157, 609740.74074 
30.32416, 348182.21052, 608466.66667 
30.24943, 348132.69191, 607192.59259 
30.17476, 348083.07531, 605918.51852 
30.10016, 348033.36031, 604644.44444 
30.02563, 347983.54648, 603370.37037 
29.95115, 347933.63341, 602096.29630 
29.87675, 347883.62065, 600822.22222 
29.80240, 347833.50779, 599548.14815 
29.72812, 347783.29438, 598274.07407 
29.65390, 347732.97999, 597000.00000 
29.57975, 347682.56419, 595725.92593 
29.50566, 347632.04652, 594451.85185 
29.43163, 347581.42655, 593177.77778 
29.35767, 347530.70384, 591903.70370 
29.28377, 347479.87792, 590629.62963 
29.20993, 347428.94835, 589355.55556 
29.13615, 347377.91467, 588081.48148 
29.06244, 347326.77642, 586807.40741 
28.98879, 347275.53315, 585533.33333 
28.91520, 347224.18438, 584259.25926 
28.84168, 347172.72965, 582985.18519 
28.76821, 347121.16848, 581711.11111 
28.69481, 347069.50042, 580437.03704 
28.62147, 347017.72497, 579162.96296 
28.54819, 346965.84166, 577888.88889 
28.47497, 346913.85001, 576614.81481 
28.40182, 346861.74953, 575340.74074 
28.32873, 346809.53973, 574066.66667 
28.25569, 346757.22012, 572792.59259 
28.18272, 346704.79020, 571518.51852 
28.10981, 346652.24948, 570244.44444 
28.03696, 346599.59745, 568970.37037 
27.96417, 346546.83361, 567696.29630 
27.89144, 346493.95745, 566422.22222 
27.81877, 346440.96845, 565148.14815 
27.74617, 346387.86611, 563874.07407 
27.67362, 346334.64989, 562600.00000 
27.60113, 346281.31929, 561325.92593 
27.52870, 346227.87377, 560051.85185 
27.45634, 346174.31281, 558777.77778 
27.38403, 346120.63587, 557503.70370 
27.31178, 346066.84241, 556229.62963 
27.23959, 346012.93190, 554955.55556 
27.16746, 345958.90379, 553681.48148 
27.09539, 345904.75753, 552407.40741 
27.02338, 345850.49257, 551133.33333 
26.95143, 345796.10836, 549859.25926 
26.87954, 345741.60434, 548585.18519 
26.80771, 345686.97995, 547311.11111 
26.73593, 345632.23461, 546037.03704 
26.66421, 345577.36777, 544762.96296 
26.59256, 345522.37883, 543488.88889 
26.52096, 345467.26724, 542214.81481 
26.44941, 345412.03239, 540940.74074 
26.37793, 345356.67372, 539666.66667 
26.30651, 345301.19062, 538392.59259 
26.23514, 345245.58250, 537118.51852 
26.16383, 345189.84876, 535844.44444 
26.09258, 345133.98881, 534570.37037 
26.02138, 345078.00203, 533296.29630 
25.95025, 345021.88781, 532022.22222 
25.87917, 344965.64553, 530748.14815 
25.80814, 344909.27458, 529474.07407 
25.73718, 344852.77433, 528200.00000 
25.66627, 344796.14415, 526925.92593 
25.59542, 344739.38341, 525651.85185 
25.52462, 344682.49146, 524377.77778 
25.45388, 344625.46789, 523103.70370 
25.38320, 344568.31161, 521829.62963 
25.31258, 344511.02219, 520555.55556 
25.24201, 344453.59897, 519281.48148 
25.17150, 344396.04129, 518007.40741 
25.10104, 344338.34848, 516733.33333 
25.03064, 344280.51987, 515459.25926 
24.96029, 344222.55479, 514185.18519 
24.89001, 344164.45255, 512911.11111 
24.81977, 344106.21247, 511637.03704 
24.74959, 344047.83386, 510362.96296 
24.67947, 343989.31601, 509088.88889 
24.60941, 343930.65824, 507814.81481 
24.53939, 343871.85982, 506540.74074 
24.46944, 343812.92006, 505266.66667 
24.39954, 343753.83823, 503992.59259 
24.32969, 343694.61361, 502718.51852 
24.25990, 343635.24547, 501444.44444 
24.19016, 343575.73308, 500170.37037 
24.12048, 343516.07570, 498896.29630 
24.05085, 343456.27258, 497622.22222 
23.98128, 343396.32298, 496348.14815 
23.91176, 343336.22614, 495074.07407 
23.84229, 343275.98130, 493800.00000 
23.77288, 343215.58769, 492525.92593 
23.70352, 343155.04453, 491251.85185 
23.63422, 343094.35105, 489977.77778 
23.56497, 343033.50646, 488703.70370 
23.49577, 342972.50997, 487429.62963 
23.42663, 342911.36078, 486155.55556 
23.35754, 342850.05809, 484881.48148 
23.28850, 342788.60109, 483607.40741 
23.21952, 342726.98896, 482333.33333 
23.15059, 342665.22088, 481059.25926 
23.08171, 342603.29603, 479785.18519 
23.01289, 342541.21355, 478511.11111 
22.94412, 342478.97262, 477237.03704 
22.87540, 342416.57238, 475962.96296 
22.80674, 342354.01198, 474688.88889 
22.73812, 342291.29056, 473414.81481 
22.66956, 342228.40724, 472140.74074 
22.60105, 342165.36115, 470866.66667 
22.53260, 342102.15140, 469592.59259 
22.46419, 342038.77711, 468318.51852 
22.39584, 341975.23738, 467044.44444 
22.32754, 341911.53130, 465770.37037 
22.25929, 341847.65796, 464496.29630 
22.19109, 341783.61644, 463222.22222 
22.12295, 341719.40582, 461948.14815 
22.05485, 341655.02515, 460674.07407 
21.98681, 341590.47350, 459400.00000 
21.91882, 341525.74991, 458125.92593 
21.85088, 341460.85344, 456851.85185 
21.78299, 341395.78310, 455577.77778 
21.71515, 341330.53793, 454303.70370 
21.64736, 341265.11695, 453029.62963 
21.57963, 341199.51916, 451755.55556 
21.51194, 341133.74357, 450481.48148 
21.44431, 341067.78917, 449207.40741 
21.37672, 341001.65495, 447933.33333 
21.30919, 340935.33987, 446659.25926 
21.24170, 340868.84292, 445385.18519 
21.17427, 340802.16303, 444111.11111 
21.10688, 340735.29918, 442837.03704 
21.03955, 340668.25029, 441562.96296 
20.97227, 340601.01530, 440288.88889 
20.90503, 340533.59313, 439014.81481 
20.83785, 340465.98269, 437740.74074 
20.77071, 340398.18289, 436466.66667 
20.70363, 340330.19262, 435192.59259 
20.63659, 340262.01077, 433918.51852 
20.56960, 340193.63621, 432644.44444 
20.50267, 340125.06781, 431370.37037 
20.43578, 340056.30442, 430096.29630 
20.36894, 339987.34489, 428822.22222 
20.30215, 339918.18805, 427548.14815 
20.23541, 339848.83272, 426274.07407 
20.16871, 339779.27772, 425000.00000 
20.10207, 339709.52186, 423725.92593 
20.03547, 339639.56393, 422451.85185 
19.96893, 339569.40271, 421177.77778 
19.90243, 339499.03696, 419903.70370 
19.83598, 339428.46546, 418629.62963 
19.76957, 339357.68695, 417355.55556 
19.70322, 339286.70016, 416081.48148 
19.63691, 339215.50383, 414807.40741 
19.57066, 339144.09666, 413533.33333 
19.50444, 339072.47737, 412259.25926 
19.43828, 339000.64463, 410985.18519 
19.37217, 338928.59714, 409711.11111 
19.30610, 338856.33355, 408437.03704 
19.24008, 338783.85252, 407162.96296 
19.17410, 338711.15270, 405888.88889 
19.10818, 338638.23270, 404614.81481 
19.04230, 338565.09116, 403340.74074 
18.97647, 338491.72666, 402066.66667 
18.91068, 338418.13780, 400792.59259 
18.84494, 338344.32317, 399518.51852 
18.77925, 338270.28131, 398244.44444 
18.71361, 338196.01078, 396970.37037 
18.64801, 338121.51012, 395696.29630 
18.58246, 338046.77784, 394422.22222 
18.51695, 337971.81246, 393148.14815 
18.45150, 337896.61247, 391874.07407 
18.38608, 337821.17634, 390600.00000 
18.32072, 337745.50255, 389325.92593 
18.25540, 337669.58953, 388051.85185 
18.19012, 337593.43573, 386777.77778 
18.12489, 337517.03956, 385503.70370 
18.05971, 337440.39942, 384229.62963 
17.99457, 337363.51371, 382955.55556 
17.92948, 337286.38079, 381681.48148 
17.86444, 337208.99901, 380407.40741 
17.79944, 337131.36673, 379133.33333 
17.73448, 337053.48225, 377859.25926 
17.66957, 336975.34388, 376585.18519 
17.60470, 336896.94992, 375311.11111 
17.53988, 336818.29863, 374037.03704 
17.47511, 336739.38827, 372762.96296 
17.41038, 336660.21707, 371488.88889 
17.34569, 336580.78325, 370214.81481 
17.28105, 336501.08500, 368940.74074 
17.21646, 336421.12052, 367666.66667 
17.15191, 336340.88796, 366392.59259 
17.08740, 336260.38547, 365118.51852 
17.02294, 336179.61117, 363844.44444 
16.95852, 336098.56315, 362570.37037 
16.89414, 336017.23952, 361296.29630 
16.82981, 335935.63833, 360022.22222 
16.76553, 335853.75763, 358748.14815 
16.70128, 335771.59544, 357474.07407 
16.63709, 335689.14976, 356200.00000 
16.57293, 335606.41858, 354925.92593 
16.50882, 335523.39985, 353651.85185 
16.44475, 335440.09151, 352377.77778 
16.38073, 335356.49148, 351103.70370 
16.31675, 335272.59766, 349829.62963 
16.25281, 335188.40790, 348555.55556 
16.18891, 335103.92019, 347281.48148 
16.12506, 335019.13210, 346007.40741 
16.06125, 334934.04154, 344733.33333 
15.99749, 334848.64631, 343459.25926 
15.93377, 334762.94414, 342185.18519 
15.87009, 334676.93277, 340911.11111 
15.80645, 334590.60990, 339637.03704 
15.74285, 334503.97319, 338362.96296 
15.67930, 334417.02031, 337088.88889 
15.61579, 334329.74887, 335814.81481 
15.55232, 334242.15648, 334540.74074 
15.48890, 334154.24069, 333266.66667 
15.42552, 334065.99905, 331992.59259 
15.36217, 333977.42907, 330718.51852 
15.29888, 333888.52824, 329444.44444 
15.23562, 333799.29401, 328170.37037 
15.17240, 333709.72381, 326896.29630 
15.10923, 333619.81504, 325622.22222 
15.04610, 333529.56506, 324348.14815 
14.98301, 333438.97120, 323074.07407 
14.91996, 333348.03078, 321800.00000 
14.85695, 333256.74106, 320525.92593 
14.79398, 333165.09928, 319251.85185 
14.73106, 333073.10265, 317977.77778 
14.66817, 332980.74835, 316703.70370 
14.60533, 332888.03351, 315429.62963 
14.54253, 332794.95524, 314155.55556 
14.47977, 332701.51061, 312881.48148 
14.41704, 332607.69665, 311607.40741 
14.35436, 332513.51037, 310333.33333 
14.29172, 332418.94873, 309059.25926 
14.22913, 332324.00865, 307785.18519 
14.16657, 332228.68702, 306511.11111 
14.10405, 332132.98069, 305237.03704 
14.04157, 332036.88647, 303962.96296 
13.97913, 331940.40112, 302688.88889 
13.91673, 331843.52138, 301414.81481 
13.85438, 331746.24394, 300140.74074 
13.79206, 331648.56544, 298866.66667 
13.72978, 331550.48249, 297592.59259 
13.66754, 331451.99164, 296318.51852 
13.60534, 331353.08942, 295044.44444 
13.54318, 331253.77229, 293770.37037 
13.48106, 331154.03668, 292496.29630 
13.41898, 331053.87897, 291222.22222 
13.35694, 330953.29550, 289948.14815 
13.29494, 330852.28254, 288674.07407 
13.23298, 330750.83634, 287400.00000 
13.17105, 330648.95308, 286125.92593 
13.10917, 330546.62889, 284851.85185 
13.04732, 330443.85987, 283577.77778 
12.98551, 330340.64203, 282303.70370 
12.92374, 330236.97137, 281029.62963 
12.86201, 330132.84380, 279755.55556 
12.80032, 330028.25520, 278481.48148 
12.73867, 329923.20137, 277207.40741 
12.67705, 329817.67808, 275933.33333 
12.61548, 329711.68101, 274659.25926 
12.55394, 329605.20581, 273385.18519 
12.49244, 329498.24805, 272111.11111 
12.43098, 329390.80326, 270837.03704 
12.36955, 329282.86687, 269562.96296 
12.30816, 329174.43428, 268288.88889 
12.24681, 329065.50082, 267014.81481 
12.18550, 328956.06173, 265740.74074 
12.12423, 328846.11222, 264466.66667 
12.06299, 328735.64739, 263192.59259 
12.00179, 328624.66230, 261918.51852 
11.94063, 328513.15193, 260644.44444 
11.87951, 328401.11119, 259370.37037 
11.81842, 328288.53489, 258096.29630 
11.75737, 328175.41780, 256822.22222 
11.69635, 328061.75459, 255548.14815 
11.63538, 327947.53987, 254274.07407 
11.57444, 327832.76814, 253000.00000 
11.51353, 327717.43385, 251725.92593 
11.45267, 327601.53134, 250451.85185 
11.39184, 327485.05488, 249177.77778 
11.33104, 327367.99864, 247903.70370 
11.27028, 327250.35673, 246629.62963 
11.20956, 327132.12313, 245355.55556 
11.14888, 327013.29174, 244081.48148 
11.08823, 326893.85639, 242807.40741 
11.02761, 326773.81079, 241533.33333 
10.96703, 326653.14854, 240259.25926 
10.90649, 326531.86316, 238985.18519 
10.84599, 326409.94807, 237711.11111 
10.78552, 326287.39656, 236437.03704 
10.72508, 326164.20185, 235162.96296 
10.66468, 326040.35701, 233888.88889 
10.60431, 325915.85502, 232614.81481 
10.54399, 325790.68874, 231340.74074 
10.48369, 325664.85092, 230066.66667 
10.42343, 325538.33419, 228792.59259 
10.36321, 325411.13104, 227518.51852 
10.30302, 325283.23385, 226244.44444 
10.24286, 325154.63488, 224970.37037 
10.18274, 325025.32623, 223696.29630 
10.12266, 324895.29990, 222422.22222 
10.06260, 324764.54774, 221148.14815 
10.00259, 324633.06144, 219874.07407 
9.94260, 324500.83258, 218600.00000 
9.88266, 324367.85258, 217325.92593 
9.82274, 324234.11269, 216051.85185 
9.76286, 324099.60405, 214777.77778 
9.70301, 323964.31760, 213503.70370 
9.64320, 323828.24414, 212229.62963 
9.58342, 323691.37431, 210955.55556 
9.52367, 323553.69857, 209681.48148 
9.46396, 323415.20720, 208407.40741 
9.40428, 323275.89033, 207133.33333 
9.34464, 323135.73789, 205859.25926 
9.28503, 322994.73961, 204585.18519 
9.22545, 322852.88507, 203311.11111 
9.16590, 322710.16363, 202037.03704 
9.10639, 322566.56443, 200762.96296 
9.04690, 322422.07645, 199488.88889 
8.98746, 322276.68842, 198214.81481 
8.92804, 322130.38888, 196940.74074 
8.86866, 321983.16614, 195666.66667 
8.80931, 321835.00827, 194392.59259 
8.74999, 321685.90314, 193118.51852 
8.69070, 321535.83835, 191844.44444 
8.63145, 321384.80126, 190570.37037 
8.57222, 321232.77899, 189296.29630 
8.51303, 321079.75840, 188022.22222 
8.45388, 320925.72607, 186748.14815 
8.39475, 320770.66832, 185474.07407 
8.33565, 320614.57119, 184200.00000 
8.27659, 320457.42042, 182925.92593 
8.21755, 320299.20147, 181651.85185 
8.15855, 320139.89948, 180377.77778 
8.09958, 319979.49930, 179103.70370 
8.04064, 319817.98543, 177829.62963 
7.98173, 319655.34205, 176555.55556 
7.92285, 319491.55302, 175281.48148 
7.86401, 319326.60182, 174007.40741 
7.80519, 319160.47157, 172733.33333 
7.74640, 318993.14505, 171459.25926 
7.68765, 318824.60463, 170185.18519 
7.62892, 318654.83230, 168911.11111 
7.57022, 318483.80963, 167637.03704 
7.51156, 318311.51778, 166362.96296 
7.45292, 318137.93749, 165088.88889 
7.39431, 317963.04905, 163814.81481 
7.33573, 317786.83228, 162540.74074 
7.27719, 317609.26655, 161266.66667 
7.21867, 317430.33072, 159992.59259 
7.16018, 317250.00317, 158718.51852 
7.10172, 317068.26175, 157444.44444 
7.04328, 316885.08377, 156170.37037 
6.98488, 316700.44601, 154896.29630 
6.92651, 316514.32464, 153622.22222 
6.86816, 316326.69530, 152348.14815 
6.80984, 316137.53296, 151074.07407 
6.75155, 315946.81199, 149800.00000 
6.69329, 315754.50612, 148525.92593 
6.63506, 315560.58839, 147251.85185 
6.57685, 315365.03114, 145977.77778 
6.51868, 315167.80601, 144703.70370 
6.46053, 314968.88388, 143429.62963 
6.40240, 314768.23485, 142155.55556 
6.34431, 314565.82824, 140881.48148 
6.28624, 314361.63253, 139607.40741 
6.22820, 314155.61534, 138333.33333 
6.17018, 313947.74341, 137059.25926 
6.11219, 313737.98254, 135785.18519 
6.05423, 313526.29759, 134511.11111 
5.99630, 313312.65242, 133237.03704 
5.93839, 313097.00986, 131962.96296 
5.88050, 312879.33165, 130688.88889 
5.82265, 312659.57844, 129414.81481 
5.76481, 312437.70971, 128140.74074 
5.70701, 312213.68374, 126866.66667 
5.64923, 311987.45757, 125592.59259 
5.59147, 311758.98693, 124318.51852 
5.53374, 311528.22617, 123044.44444 
5.47603, 311295.12828, 121770.37037 
5.41835, 311059.64473, 120496.29630 
5.36069, 310821.72548, 119222.22222 
5.30306, 310581.31891, 117948.14815 
5.24545, 310338.37169, 116674.07407 
5.18787, 310092.82880, 115400.00000 
5.13030, 309844.63336, 114125.92593 
5.07277, 309593.72662, 112851.85185 
5.01525, 309340.04785, 111577.77778 
4.95776, 309083.53423, 110303.70370 
4.90029, 308824.12078, 109029.62963 
4.84284, 308561.74024, 107755.55556 
4.78542, 308296.32300, 106481.48148 
4.72802, 308027.79694, 105207.40741 
4.67064, 307756.08732, 103933.33333 
4.61328, 307481.11668, 102659.25926 
4.55594, 307202.80469, 101385.18519 
4.49863, 306921.06797, 100111.11111 
4.44133, 306635.82000, 98837.03704 
4.38406, 306346.97090, 97562.96296 
4.32680, 306054.42730, 96288.88889 
4.26957, 305758.09213, 95014.81481 
4.21235, 305457.86440, 93740.74074 
4.15516, 305153.63906, 92466.66667 
4.09798, 304845.30669, 91192.59259 
4.04083, 304532.75331, 89918.51852 
3.98369, 304215.86010, 88644.44444 
3.92657, 303894.50316, 87370.37037 
3.86947, 303568.55313, 86096.29630 
3.81239, 303237.87497, 84822.22222 
3.75532, 302902.32753, 83548.14815 
3.69827, 302561.76323, 82274.07407 
3.64124, 302216.02765, 81000.00000 
3.58422, 301864.95910, 79725.92593 
3.52722, 301508.38814, 78451.85185 
3.47024, 301146.13708, 77177.77778 
3.41327, 300778.01946, 75903.70370 
3.35631, 300403.83943, 74629.62963 
3.29937, 300023.39113, 73355.55556 
3.24245, 299636.45797, 72081.48148 
3.18553, 299242.81190, 70807.40741 
3.12863, 298842.21255, 69533.33333 
3.07174, 298434.40635, 68259.25926 
3.01487, 298019.12555, 66985.18519 
2.95800, 297596.08709, 65711.11111 
2.90115, 297164.99149, 64437.03704 
2.84430, 296725.52145, 63162.96296 
2.78747, 296277.34051, 61888.88889 
2.73065, 295820.09137, 60614.81481 
2.67383, 295353.39422, 59340.74074 
2.61702, 294876.84473, 58066.66667 
2.56022, 294390.01193, 56792.59259 
2.50342, 293892.43581, 55518.51852 
2.44663, 293383.62461, 54244.44444 
2.38985, 292863.05187, 52970.37037 
2.33307, 292330.15303, 51696.29630 
2.27629, 291784.32168, 50422.22222 
2.21951, 291224.90533, 49148.14815 
2.16274, 290651.20053, 47874.07407 
2.10596, 290062.44751, 46600.00000 
2.04919, 289457.82389, 45325.92593 
1.99241, 288836.43766, 44051.85185 
1.93563, 288197.31902, 42777.77778 
1.87884, 287539.41107, 41503.70370 
1.82205, 286861.55902, 40229.62963 
1.76525, 286162.49767, 38955.55556 
1.70844, 285440.83684, 37681.48148 
1.65162, 284695.04430, 36407.40741 
1.59479, 283923.42569, 35133.33333 
1.53795, 283124.10072, 33859.25926 
1.48109, 282294.97487, 32585.18519 
1.42421, 281433.70544, 31311.11111 
1.36730, 280537.66065, 30037.03704 
1.31038, 279603.86986, 28762.96296 
1.25343, 278628.96261, 27488.88889 
1.19645, 277609.09328, 26214.81481 
1.13944, 276539.84707, 24940.74074 
1.08239, 275416.12150, 23666.66667 
1.02529, 274231.97527, 22392.59259 
0.96816, 272980.43310, 21118.51852 
0.91097, 271653.23022, 19844.44444 
0.85373, 270240.47242, 18570.37037 
0.79642, 268730.17607, 17296.29630 
0.73904, 267107.63291, 16022.22222 
0.68157, 265354.51294, 14748.14815 
0.62402, 263447.56393, 13474.07407 
0.56636, 261356.66754, 12200.00000 
