rho [kg/m3], e [J/kg], P [Pa] 
435.44661, 320543.64765, 1965130.00000 
435.36189, 320542.76995, 1963206.14615 
435.27700, 320541.89088, 1961282.29229 
435.19192, 320541.01042, 1959358.43844 
435.10665, 320540.12858, 1957434.58458 
435.02120, 320539.24534, 1955510.73073 
434.93557, 320538.36070, 1953586.87688 
434.84974, 320537.47464, 1951663.02302 
434.76373, 320536.58717, 1949739.16917 
434.67753, 320535.69828, 1947815.31532 
434.59114, 320534.80795, 1945891.46146 
434.50456, 320533.91618, 1943967.60761 
434.41779, 320533.02296, 1942043.75375 
434.33082, 320532.12828, 1940119.89990 
434.24366, 320531.23214, 1938196.04605 
434.15631, 320530.33452, 1936272.19219 
434.06875, 320529.43542, 1934348.33834 
433.98101, 320528.53483, 1932424.48448 
433.89306, 320527.63036, 1930500.63063 
433.80491, 320526.73187, 1928576.77678 
433.71657, 320525.82292, 1926652.92292 
433.62803, 320524.91631, 1924729.06907 
433.53928, 320524.00835, 1922805.21522 
433.45033, 320523.09688, 1920881.36136 
433.36118, 320522.18657, 1918957.50751 
433.27181, 320521.27457, 1917033.65365 
433.18225, 320520.36002, 1915109.79980 
433.09248, 320519.44294, 1913185.94595 
433.00250, 320518.52493, 1911262.09209 
432.91231, 320517.60559, 1909338.23824 
432.82190, 320516.68485, 1907414.38438 
432.73129, 320515.76264, 1905490.53053 
432.64046, 320514.83890, 1903566.67668 
432.54942, 320513.91360, 1901642.82282 
432.45817, 320512.98670, 1899718.96897 
432.36669, 320512.05817, 1897795.11512 
432.27500, 320511.12799, 1895871.26126 
432.18309, 320510.19614, 1893947.40741 
432.09097, 320509.26215, 1892023.55355 
431.99862, 320508.32622, 1890099.69970 
431.90605, 320507.38869, 1888175.84585 
431.81325, 320506.44954, 1886251.99199 
431.72023, 320505.50875, 1884328.13814 
431.62699, 320504.56628, 1882404.28428 
431.53351, 320503.62213, 1880480.43043 
431.43981, 320502.67628, 1878556.57658 
431.34588, 320501.72870, 1876632.72272 
431.25172, 320500.77937, 1874708.86887 
431.15733, 320499.82829, 1872785.01502 
431.06270, 320498.87677, 1870861.16116 
430.96783, 320497.92160, 1868937.30731 
430.87273, 320496.96502, 1867013.45345 
430.77740, 320496.00649, 1865089.59960 
430.68182, 320495.04614, 1863165.74575 
430.58601, 320494.08395, 1861241.89189 
430.48995, 320493.11990, 1859318.03804 
430.39365, 320492.15400, 1857394.18418 
430.29710, 320491.18622, 1855470.33033 
430.20031, 320490.21655, 1853546.47648 
430.10328, 320489.24498, 1851622.62262 
430.00599, 320488.27190, 1849698.76877 
429.90845, 320487.29658, 1847774.91491 
429.81066, 320486.31899, 1845851.06106 
429.71262, 320485.33946, 1843927.20721 
429.61432, 320484.35828, 1842003.35335 
429.51577, 320483.37498, 1840079.49950 
429.41696, 320482.38969, 1838155.64565 
429.31789, 320481.40240, 1836231.79179 
429.21856, 320480.41310, 1834307.93794 
429.11897, 320479.42213, 1832384.08408 
429.01911, 320478.42871, 1830460.23023 
428.91899, 320477.43343, 1828536.37638 
428.81860, 320476.43576, 1826612.52252 
428.71795, 320475.43604, 1824688.66867 
428.61702, 320474.43423, 1822764.81481 
428.51582, 320473.43088, 1820840.96096 
428.41435, 320472.42491, 1818917.10711 
428.31260, 320471.41680, 1816993.25325 
428.21057, 320470.40654, 1815069.39940 
428.10827, 320469.39412, 1813145.54555 
428.00569, 320468.37952, 1811221.69169 
427.90282, 320467.36273, 1809297.83784 
427.79967, 320466.34373, 1807373.98398 
427.69623, 320465.32250, 1805450.13013 
427.59251, 320464.29903, 1803526.27628 
427.48850, 320463.27331, 1801602.42242 
427.38419, 320462.24532, 1799678.56857 
427.27959, 320461.21504, 1797754.71471 
427.17470, 320460.18246, 1795830.86086 
427.06951, 320459.14756, 1793907.00701 
426.96403, 320458.11033, 1791983.15315 
426.85824, 320457.07074, 1790059.29930 
426.75215, 320456.02879, 1788135.44545 
426.64575, 320454.98445, 1786211.59159 
426.53905, 320453.93771, 1784287.73774 
426.43204, 320452.88854, 1782363.88388 
426.32472, 320451.83695, 1780440.03003 
426.21708, 320450.78287, 1778516.17618 
426.10914, 320449.72637, 1776592.32232 
426.00087, 320448.66736, 1774668.46847 
425.89229, 320447.60584, 1772744.61461 
425.78338, 320446.54179, 1770820.76076 
425.67415, 320445.47520, 1768896.90691 
425.56460, 320444.40604, 1766973.05305 
425.45472, 320443.33431, 1765049.19920 
425.34451, 320442.25997, 1763125.34535 
425.23396, 320441.18301, 1761201.49149 
425.12309, 320440.10342, 1759277.63764 
425.01187, 320439.02116, 1757353.78378 
424.90032, 320437.93622, 1755429.92993 
424.78843, 320436.84859, 1753506.07608 
424.67619, 320435.75800, 1751582.22222 
424.56361, 320434.66489, 1749658.36837 
424.45067, 320433.56902, 1747734.51451 
424.33739, 320432.47037, 1745810.66066 
424.22375, 320431.36891, 1743886.80681 
424.10976, 320430.26463, 1741962.95295 
423.99541, 320429.15751, 1740039.09910 
423.88070, 320428.04752, 1738115.24525 
423.76562, 320426.93464, 1736191.39139 
423.65018, 320425.81885, 1734267.53754 
423.53437, 320424.70012, 1732343.68368 
423.41819, 320423.57843, 1730419.82983 
423.30163, 320422.45377, 1728495.97598 
423.18470, 320421.32610, 1726572.12212 
423.06739, 320420.19540, 1724648.26827 
422.94969, 320419.06165, 1722724.41441 
422.83161, 320417.92483, 1720800.56056 
422.71315, 320416.78490, 1718876.70671 
422.59429, 320415.64185, 1716952.85285 
422.47503, 320414.49565, 1715028.99900 
422.35538, 320413.34627, 1713105.14515 
422.23533, 320412.19369, 1711181.29129 
422.11488, 320411.03788, 1709257.43744 
421.99402, 320409.87881, 1707333.58358 
421.87275, 320408.71647, 1705409.72973 
421.75107, 320407.55081, 1703485.87588 
421.62897, 320406.38182, 1701562.02202 
421.50645, 320405.20947, 1699638.16817 
421.38352, 320404.03372, 1697714.31431 
421.26015, 320402.85455, 1695790.46046 
421.13636, 320401.67193, 1693866.60661 
421.01214, 320400.48583, 1691942.75275 
420.88748, 320399.29623, 1690018.89890 
420.76238, 320398.10308, 1688095.04505 
420.63684, 320396.90637, 1686171.19119 
420.51085, 320395.70606, 1684247.33734 
420.38442, 320394.50211, 1682323.48348 
420.25753, 320393.29451, 1680399.62963 
420.13018, 320392.08321, 1678475.77578 
420.00238, 320390.86818, 1676551.92192 
419.87410, 320389.64939, 1674628.06807 
419.74537, 320388.42681, 1672704.21421 
419.61615, 320387.20041, 1670780.36036 
419.48647, 320385.97014, 1668856.50651 
419.35630, 320384.73598, 1666932.65265 
419.22565, 320383.49788, 1665008.79880 
419.09451, 320382.25603, 1663084.94494 
418.96288, 320381.00993, 1661161.09109 
418.83075, 320379.75980, 1659237.23724 
418.69812, 320378.50559, 1657313.38338 
418.56498, 320377.24727, 1655389.52953 
418.43134, 320375.98479, 1653465.67568 
418.29718, 320374.71813, 1651541.82182 
418.16251, 320373.44722, 1649617.96797 
418.02731, 320372.17204, 1647694.11411 
417.89159, 320370.89256, 1645770.26026 
417.75533, 320369.60872, 1643846.40641 
417.61854, 320368.32049, 1641922.55255 
417.48120, 320367.02809, 1639998.69870 
417.34332, 320365.73099, 1638074.84484 
417.20488, 320364.42938, 1636150.99099 
414.53494, 320339.18540, 1634227.13714 
411.89009, 320313.88572, 1632303.28328 
409.27059, 320288.53611, 1630379.42943 
406.67608, 320263.13649, 1628455.57558 
404.10624, 320237.68682, 1626531.72172 
401.56071, 320212.18705, 1624607.86787 
399.03918, 320186.63713, 1622684.01401 
396.54130, 320161.03698, 1620760.16016 
394.06678, 320135.38657, 1618836.30631 
391.61529, 320109.68583, 1616912.45245 
389.18652, 320083.93470, 1614988.59860 
386.78018, 320058.13313, 1613064.74474 
384.39596, 320032.28105, 1611140.89089 
382.03358, 320006.37840, 1609217.03704 
379.69274, 319980.42513, 1607293.18318 
377.37317, 319954.42116, 1605369.32933 
375.07458, 319928.36644, 1603445.47548 
372.79671, 319902.26089, 1601521.62162 
370.53929, 319876.10446, 1599597.76777 
368.30205, 319849.89708, 1597673.91391 
366.08473, 319823.63868, 1595750.06006 
363.88709, 319797.32920, 1593826.20621 
361.70886, 319770.96855, 1591902.35235 
359.54980, 319744.55668, 1589978.49850 
357.40968, 319718.09352, 1588054.64464 
355.28825, 319691.57898, 1586130.79079 
353.18528, 319665.01301, 1584206.93694 
351.10053, 319638.39552, 1582283.08308 
349.03378, 319611.72645, 1580359.22923 
346.98482, 319585.00571, 1578435.37538 
344.95341, 319558.23324, 1576511.52152 
342.93934, 319531.40896, 1574587.66767 
340.94240, 319504.53278, 1572663.81381 
338.96239, 319477.60464, 1570739.95996 
336.99908, 319450.62445, 1568816.10611 
335.05229, 319423.59214, 1566892.25225 
333.12182, 319396.50763, 1564968.39840 
331.20746, 319369.37083, 1563044.54454 
329.30902, 319342.18166, 1561120.69069 
327.42632, 319314.94004, 1559196.83684 
325.55917, 319287.64589, 1557272.98298 
323.70738, 319260.29912, 1555349.12913 
321.87076, 319232.89966, 1553425.27528 
320.04916, 319205.44741, 1551501.42142 
318.24238, 319177.94229, 1549577.56757 
316.45025, 319150.38421, 1547653.71371 
314.67260, 319122.77309, 1545729.85986 
312.90928, 319095.10883, 1543806.00601 
311.16010, 319067.39135, 1541882.15215 
309.42491, 319039.62056, 1539958.29830 
307.70354, 319011.79637, 1538034.44444 
305.99585, 318983.91869, 1536110.59059 
304.30166, 318955.98743, 1534186.73674 
302.62084, 318928.00249, 1532262.88288 
300.95323, 318899.96378, 1530339.02903 
299.29867, 318871.87121, 1528415.17518 
297.65703, 318843.72468, 1526491.32132 
296.02816, 318815.52410, 1524567.46747 
294.41192, 318787.26937, 1522643.61361 
292.80816, 318758.96040, 1520719.75976 
291.21675, 318730.59709, 1518795.90591 
289.63755, 318702.17935, 1516872.05205 
288.07043, 318673.70706, 1514948.19820 
286.51525, 318645.18014, 1513024.34434 
284.97189, 318616.59849, 1511100.49049 
283.44022, 318587.96200, 1509176.63664 
281.92010, 318559.27057, 1507252.78278 
280.41142, 318530.52410, 1505328.92893 
278.91405, 318501.72249, 1503405.07508 
277.42787, 318472.86564, 1501481.22122 
275.95276, 318443.95344, 1499557.36737 
274.48860, 318414.98579, 1497633.51351 
273.03528, 318385.96258, 1495709.65966 
271.59267, 318356.88371, 1493785.80581 
270.16068, 318327.74907, 1491861.95195 
268.73918, 318298.55855, 1489938.09810 
267.32807, 318269.31205, 1488014.24424 
265.92723, 318240.00945, 1486090.39039 
264.53657, 318210.65066, 1484166.53654 
263.15596, 318181.23555, 1482242.68268 
261.78532, 318151.76402, 1480318.82883 
260.42454, 318122.23595, 1478394.97497 
259.07351, 318092.65125, 1476471.12112 
257.73214, 318063.00978, 1474547.26727 
256.40032, 318033.31145, 1472623.41341 
255.07796, 318003.55613, 1470699.55956 
253.76497, 317973.74371, 1468775.70571 
252.46125, 317943.87408, 1466851.85185 
251.16670, 317913.94712, 1464927.99800 
249.88124, 317883.96272, 1463004.14414 
248.60476, 317853.92076, 1461080.29029 
247.33719, 317823.82111, 1459156.43644 
246.07843, 317793.66367, 1457232.58258 
244.82840, 317763.44831, 1455308.72873 
243.58701, 317733.17492, 1453384.87487 
242.35417, 317702.84336, 1451461.02102 
241.12980, 317672.45354, 1449537.16717 
239.91382, 317642.00531, 1447613.31331 
238.70614, 317611.49856, 1445689.45946 
237.50669, 317580.93317, 1443765.60561 
236.31538, 317550.30901, 1441841.75175 
235.13213, 317519.62596, 1439917.89790 
233.95687, 317488.88389, 1437994.04404 
232.78952, 317458.08268, 1436070.19019 
231.63001, 317427.22220, 1434146.33634 
230.47825, 317396.30232, 1432222.48248 
229.33418, 317365.32293, 1430298.62863 
228.19772, 317334.28388, 1428374.77477 
227.06880, 317303.18505, 1426450.92092 
225.94735, 317272.02632, 1424527.06707 
224.83329, 317240.80754, 1422603.21321 
223.72657, 317209.52859, 1420679.35936 
222.62710, 317178.18935, 1418755.50551 
221.53482, 317146.78966, 1416831.65165 
220.44967, 317115.32941, 1414907.79780 
219.37158, 317083.80846, 1412983.94394 
218.30048, 317052.22668, 1411060.09009 
217.23630, 317020.58392, 1409136.23624 
216.17899, 316988.88006, 1407212.38238 
215.12849, 316957.11496, 1405288.52853 
214.08472, 316925.28848, 1403364.67467 
213.04763, 316893.40049, 1401440.82082 
212.01715, 316861.45084, 1399516.96697 
210.99323, 316829.43939, 1397593.11311 
209.97581, 316797.36601, 1395669.25926 
208.96483, 316765.23056, 1393745.40541 
207.96023, 316733.03290, 1391821.55155 
206.96195, 316700.77287, 1389897.69770 
205.96993, 316668.45035, 1387973.84384 
204.98413, 316636.06518, 1386049.98999 
204.00448, 316603.61723, 1384126.13614 
203.03093, 316571.10635, 1382202.28228 
202.06343, 316538.53239, 1380278.42843 
201.10193, 316505.89521, 1378354.57457 
200.14636, 316473.19466, 1376430.72072 
199.19668, 316440.43060, 1374506.86687 
198.25284, 316407.60286, 1372583.01301 
197.31478, 316374.71132, 1370659.15916 
196.38246, 316341.75581, 1368735.30531 
195.45582, 316308.73619, 1366811.45145 
194.53482, 316275.65231, 1364887.59760 
193.61941, 316242.50400, 1362963.74374 
192.70953, 316209.29113, 1361039.88989 
191.80515, 316176.01354, 1359116.03604 
190.90622, 316142.67107, 1357192.18218 
190.01268, 316109.26357, 1355268.32833 
189.12449, 316075.79089, 1353344.47447 
188.24161, 316042.25286, 1351420.62062 
187.36399, 316008.64933, 1349496.76677 
186.49159, 315974.98015, 1347572.91291 
185.62436, 315941.24514, 1345649.05906 
184.76227, 315907.44417, 1343725.20521 
183.90526, 315873.57706, 1341801.35135 
183.05329, 315839.64366, 1339877.49750 
182.20633, 315805.64379, 1337953.64364 
181.36432, 315771.57731, 1336029.78979 
180.52724, 315737.44405, 1334105.93594 
179.69503, 315703.24384, 1332182.08208 
178.86766, 315668.97652, 1330258.22823 
178.04510, 315634.64193, 1328334.37437 
177.22729, 315600.23989, 1326410.52052 
176.41420, 315565.77025, 1324486.66667 
175.60579, 315531.23283, 1322562.81281 
174.80203, 315496.62746, 1320638.95896 
174.00287, 315461.95398, 1318715.10511 
173.20828, 315427.21221, 1316791.25125 
172.41822, 315392.40199, 1314867.39740 
171.63265, 315357.52315, 1312943.54354 
170.85155, 315322.57550, 1311019.68969 
170.07487, 315287.55888, 1309095.83584 
169.30257, 315252.47311, 1307171.98198 
168.53463, 315217.31803, 1305248.12813 
167.77101, 315182.09344, 1303324.27427 
167.01167, 315146.79918, 1301400.42042 
166.25658, 315111.43507, 1299476.56657 
165.50571, 315076.00093, 1297552.71271 
164.75901, 315040.49658, 1295628.85886 
164.01647, 315004.92184, 1293705.00501 
163.27805, 314969.27653, 1291781.15115 
162.54371, 314933.56047, 1289857.29730 
161.81343, 314897.77348, 1287933.44344 
161.08716, 314861.91537, 1286009.58959 
160.36489, 314825.98596, 1284085.73574 
159.64658, 314789.98506, 1282161.88188 
158.93219, 314753.91249, 1280238.02803 
158.22171, 314717.76806, 1278314.17417 
157.51509, 314681.55158, 1276390.32032 
156.81231, 314645.26287, 1274466.46647 
156.11334, 314608.90173, 1272542.61261 
155.41816, 314572.46797, 1270618.75876 
154.72672, 314535.96141, 1268694.90490 
154.03901, 314499.38185, 1266771.05105 
153.35499, 314462.72910, 1264847.19720 
152.67464, 314426.00296, 1262923.34334 
151.99793, 314389.20324, 1260999.48949 
151.32483, 314352.32974, 1259075.63564 
150.65532, 314315.38227, 1257151.78178 
149.98936, 314278.36063, 1255227.92793 
149.32694, 314241.26461, 1253304.07407 
148.66802, 314204.09403, 1251380.22022 
148.01258, 314166.84868, 1249456.36637 
147.36059, 314129.52835, 1247532.51251 
146.71203, 314092.13285, 1245608.65866 
146.06687, 314054.66197, 1243684.80480 
145.42509, 314017.11551, 1241760.95095 
144.78667, 313979.49326, 1239837.09710 
144.15157, 313941.79502, 1237913.24324 
143.51977, 313904.02057, 1235989.38939 
142.89125, 313866.16972, 1234065.53554 
142.26599, 313828.24224, 1232141.68168 
141.64396, 313790.23794, 1230217.82783 
141.02514, 313752.15660, 1228293.97397 
140.40951, 313713.99800, 1226370.12012 
139.79704, 313675.76194, 1224446.26627 
139.18770, 313637.44819, 1222522.41241 
138.58148, 313599.05655, 1220598.55856 
137.97836, 313560.58679, 1218674.70470 
137.37831, 313522.03871, 1216750.85085 
136.78131, 313483.41207, 1214826.99700 
136.18734, 313444.70667, 1212903.14314 
135.59638, 313405.92228, 1210979.28929 
135.00840, 313367.05868, 1209055.43544 
134.42339, 313328.11564, 1207131.58158 
133.84132, 313289.09294, 1205207.72773 
133.26218, 313249.99037, 1203283.87387 
132.68593, 313210.80768, 1201360.02002 
132.11257, 313171.54466, 1199436.16617 
131.54207, 313132.20107, 1197512.31231 
130.97442, 313092.77669, 1195588.45846 
130.40958, 313053.27129, 1193664.60460 
129.84755, 313013.68462, 1191740.75075 
129.28831, 312974.01648, 1189816.89690 
128.73182, 312934.26660, 1187893.04304 
128.17808, 312894.43477, 1185969.18919 
127.62707, 312854.52075, 1184045.33534 
127.07877, 312814.52430, 1182121.48148 
126.53315, 312774.44517, 1180197.62763 
125.99021, 312734.28314, 1178273.77377 
125.44991, 312694.03796, 1176349.91992 
124.91225, 312653.70938, 1174426.06607 
124.37721, 312613.29717, 1172502.21221 
123.84476, 312572.80108, 1170578.35836 
123.31490, 312532.22086, 1168654.50450 
122.78760, 312491.55627, 1166730.65065 
122.26285, 312450.80706, 1164806.79680 
121.74062, 312409.97298, 1162882.94294 
121.22091, 312369.05378, 1160959.08909 
120.70369, 312328.04921, 1159035.23524 
120.18895, 312286.95901, 1157111.38138 
119.67667, 312245.78293, 1155187.52753 
119.16684, 312204.52071, 1153263.67367 
118.65944, 312163.17210, 1151339.81982 
118.15445, 312121.73685, 1149415.96597 
117.65186, 312080.21468, 1147492.11211 
117.15165, 312038.60534, 1145568.25826 
116.65380, 311996.90857, 1143644.40440 
116.15831, 311955.12410, 1141720.55055 
115.66515, 311913.25167, 1139796.69670 
115.17431, 311871.29101, 1137872.84284 
114.68577, 311829.24185, 1135948.98899 
114.19953, 311787.10394, 1134025.13514 
113.71555, 311744.87698, 1132101.28128 
113.23384, 311702.56073, 1130177.42743 
112.75438, 311660.15489, 1128253.57357 
112.27714, 311617.65920, 1126329.71972 
111.80212, 311575.07339, 1124405.86587 
111.32930, 311532.39716, 1122482.01201 
110.85867, 311489.63026, 1120558.15816 
110.39021, 311446.77239, 1118634.30430 
109.92392, 311403.82327, 1116710.45045 
109.45976, 311360.78262, 1114786.59660 
108.99775, 311317.65017, 1112862.74274 
108.53785, 311274.42561, 1110938.88889 
108.08005, 311231.10866, 1109015.03504 
107.62435, 311187.69904, 1107091.18118 
107.17072, 311144.19646, 1105167.32733 
106.71917, 311100.60062, 1103243.47347 
106.26966, 311056.91123, 1101319.61962 
105.82219, 311013.12799, 1099395.76577 
105.37675, 310969.25061, 1097471.91191 
104.93333, 310925.27880, 1095548.05806 
104.49191, 310881.21224, 1093624.20420 
104.05247, 310837.05064, 1091700.35035 
103.61501, 310792.79370, 1089776.49650 
103.17952, 310748.44112, 1087852.64264 
102.74598, 310703.99258, 1085928.78879 
102.31438, 310659.44778, 1084004.93493 
101.88471, 310614.80641, 1082081.08108 
101.45695, 310570.06816, 1080157.22723 
101.03110, 310525.23272, 1078233.37337 
100.60714, 310480.29977, 1076309.51952 
100.18506, 310435.26900, 1074385.66567 
99.76485, 310390.14009, 1072461.81181 
99.34650, 310344.91272, 1070537.95796 
98.93000, 310299.58657, 1068614.10410 
98.51533, 310254.16132, 1066690.25025 
98.10249, 310208.63664, 1064766.39640 
97.69146, 310163.01221, 1062842.54254 
97.28223, 310117.28770, 1060918.68869 
96.87480, 310071.46279, 1058994.83483 
96.46915, 310025.53713, 1057070.98098 
96.06526, 309979.51039, 1055147.12713 
95.66314, 309933.38225, 1053223.27327 
95.26276, 309887.15236, 1051299.41942 
94.86413, 309840.82039, 1049375.56557 
94.46722, 309794.38599, 1047451.71171 
94.07203, 309747.84883, 1045527.85786 
93.67854, 309701.20855, 1043604.00400 
93.28676, 309654.46482, 1041680.15015 
92.89666, 309607.61729, 1039756.29630 
92.50824, 309560.66559, 1037832.44244 
92.12148, 309513.60940, 1035908.58859 
91.73639, 309466.44834, 1033984.73473 
91.35294, 309419.18206, 1032060.88088 
90.97113, 309371.81021, 1030137.02703 
90.59095, 309324.33243, 1028213.17317 
90.21239, 309276.74836, 1026289.31932 
89.83544, 309229.05762, 1024365.46547 
89.46009, 309181.25986, 1022441.61161 
89.08633, 309133.35471, 1020517.75776 
88.71415, 309085.34180, 1018593.90390 
88.34354, 309037.22076, 1016670.05005 
87.97450, 308988.99120, 1014746.19620 
87.60701, 308940.65277, 1012822.34234 
87.24107, 308892.20507, 1010898.48849 
86.87666, 308843.64773, 1008974.63463 
86.51379, 308794.98036, 1007050.78078 
86.15243, 308746.20259, 1005126.92693 
85.79258, 308697.31402, 1003203.07307 
85.43423, 308648.31426, 1001279.21922 
85.07738, 308599.20293, 999355.36537 
84.72201, 308549.97963, 997431.51151 
84.36812, 308500.64396, 995507.65766 
84.01569, 308451.19553, 993583.80380 
83.66473, 308401.63394, 991659.94995 
83.31521, 308351.95878, 989736.09610 
82.96714, 308302.16964, 987812.24224 
82.62050, 308252.26613, 985888.38839 
82.27529, 308202.24783, 983964.53453 
81.93150, 308152.11434, 982040.68068 
81.58912, 308101.86522, 980116.82683 
81.24815, 308051.50008, 978192.97297 
80.90857, 308001.01848, 976269.11912 
80.57037, 307950.42001, 974345.26527 
80.23356, 307899.70425, 972421.41141 
79.89811, 307848.87076, 970497.55756 
79.56404, 307797.91912, 968573.70370 
79.23132, 307746.84889, 966649.84985 
78.89994, 307695.65965, 964725.99600 
78.56991, 307644.35095, 962802.14214 
78.24122, 307592.92235, 960878.28829 
77.91385, 307541.37342, 958954.43443 
77.58780, 307489.70371, 957030.58058 
77.26306, 307437.91277, 955106.72673 
76.93963, 307386.00014, 953182.87287 
76.61750, 307333.96539, 951259.01902 
76.29666, 307281.80805, 949335.16517 
75.97710, 307229.52767, 947411.31131 
75.65882, 307177.12378, 945487.45746 
75.34182, 307124.59592, 943563.60360 
75.02607, 307071.94362, 941639.74975 
74.71158, 307019.16642, 939715.89590 
74.39834, 306966.26384, 937792.04204 
74.08634, 306913.23541, 935868.18819 
73.77558, 306860.08064, 933944.33433 
73.46605, 306806.79907, 932020.48048 
73.15775, 306753.39019, 930096.62663 
72.85066, 306699.85354, 928172.77277 
72.54477, 306646.18862, 926248.91892 
72.24010, 306592.39493, 924325.06507 
71.93662, 306538.47197, 922401.21121 
71.63433, 306484.41926, 920477.35736 
71.33322, 306430.23629, 918553.50350 
71.03330, 306375.92255, 916629.64965 
70.73454, 306321.47754, 914705.79580 
70.43696, 306266.90074, 912781.94194 
70.14053, 306212.19163, 910858.08809 
69.84525, 306157.34971, 908934.23423 
69.55112, 306102.37445, 907010.38038 
69.25814, 306047.26533, 905086.52653 
68.96629, 305992.02181, 903162.67267 
68.67557, 305936.64337, 901238.81882 
68.38597, 305881.12947, 899314.96496 
68.09749, 305825.47957, 897391.11111 
67.81012, 305769.69314, 895467.25726 
67.52386, 305713.76963, 893543.40340 
67.23870, 305657.70849, 891619.54955 
66.95463, 305601.50916, 889695.69570 
66.67165, 305545.17110, 887771.84184 
66.38976, 305488.69375, 885847.98799 
66.10894, 305432.07654, 883924.13413 
65.82920, 305375.31890, 882000.28028 
65.55052, 305318.42028, 880076.42643 
65.27290, 305261.38008, 878152.57257 
64.99634, 305204.19774, 876228.71872 
64.72083, 305146.87268, 874304.86486 
64.44637, 305089.40431, 872381.01101 
64.17294, 305031.79204, 870457.15716 
63.90055, 304974.03529, 868533.30330 
63.62919, 304916.13344, 866609.44945 
63.35885, 304858.08592, 864685.59560 
63.08953, 304799.89210, 862761.74174 
62.82123, 304741.55138, 860837.88789 
62.55393, 304683.06316, 858914.03403 
62.28764, 304624.42681, 856990.18018 
62.02234, 304565.64171, 855066.32633 
61.75804, 304506.70724, 853142.47247 
61.49472, 304447.62278, 851218.61862 
61.23239, 304388.38768, 849294.76476 
60.97104, 304329.00131, 847370.91091 
60.71066, 304269.46303, 845447.05706 
60.45125, 304209.77220, 843523.20320 
60.19281, 304149.92816, 841599.34935 
59.93532, 304089.93026, 839675.49550 
59.67879, 304029.77785, 837751.64164 
59.42321, 303969.47025, 835827.78779 
59.16857, 303909.00680, 833903.93393 
58.91487, 303848.38683, 831980.08008 
58.66211, 303787.60965, 830056.22623 
58.41027, 303726.67460, 828132.37237 
58.15937, 303665.58098, 826208.51852 
57.90939, 303604.32811, 824284.66466 
57.66032, 303542.91528, 822360.81081 
57.41216, 303481.34179, 820436.95696 
57.16492, 303419.60694, 818513.10310 
56.91858, 303357.71003, 816589.24925 
56.67314, 303295.65032, 814665.39540 
56.42859, 303233.42711, 812741.54154 
56.18493, 303171.03967, 810817.68769 
55.94216, 303108.48727, 808893.83383 
55.70027, 303045.76916, 806969.97998 
55.45926, 302982.88462, 805046.12613 
55.21912, 302919.83289, 803122.27227 
54.97986, 302856.61323, 801198.41842 
54.74145, 302793.22487, 799274.56456 
54.50391, 302729.66705, 797350.71071 
54.26723, 302665.93902, 795426.85686 
54.03139, 302602.03998, 793503.00300 
53.79641, 302537.96917, 791579.14915 
53.56227, 302473.72580, 789655.29530 
53.32897, 302409.30908, 787731.44144 
53.09651, 302344.71822, 785807.58759 
52.86488, 302279.95241, 783883.73373 
52.63408, 302215.01084, 781959.87988 
52.40410, 302149.89271, 780036.02603 
52.17494, 302084.59719, 778112.17217 
51.94660, 302019.12347, 776188.31832 
51.71908, 301953.47070, 774264.46446 
51.49236, 301887.63804, 772340.61061 
51.26644, 301821.62467, 770416.75676 
51.04133, 301755.42973, 768492.90290 
50.81702, 301689.05235, 766569.04905 
50.59350, 301622.49169, 764645.19520 
50.37077, 301555.74686, 762721.34134 
50.14883, 301488.81700, 760797.48749 
49.92767, 301421.70123, 758873.63363 
49.70729, 301354.39865, 756949.77978 
49.48768, 301286.90837, 755025.92593 
49.26885, 301219.22948, 753102.07207 
49.05078, 301151.36109, 751178.21822 
48.83348, 301083.30227, 749254.36436 
48.61694, 301015.05211, 747330.51051 
48.40116, 300946.60966, 745406.65666 
48.18613, 300877.97401, 743482.80280 
47.97185, 300809.14419, 741558.94895 
47.75832, 300740.11926, 739635.09510 
47.54553, 300670.89827, 737711.24124 
47.33349, 300601.48024, 735787.38739 
47.12218, 300531.86421, 733863.53353 
46.91160, 300462.04919, 731939.67968 
46.70175, 300392.03419, 730015.82583 
46.49263, 300321.81823, 728091.97197 
46.28424, 300251.40028, 726168.11812 
46.07656, 300180.77935, 724244.26426 
45.86960, 300109.95442, 722320.41041 
45.66336, 300038.92445, 720396.55656 
45.45782, 299967.68840, 718472.70270 
45.25300, 299896.24525, 716548.84885 
45.04887, 299824.59393, 714624.99499 
44.84545, 299752.73337, 712701.14114 
44.64272, 299680.66253, 710777.28729 
44.44069, 299608.38031, 708853.43343 
44.23935, 299535.88562, 706929.57958 
44.03870, 299463.17738, 705005.72573 
43.83874, 299390.25449, 703081.87187 
43.63945, 299317.11581, 701158.01802 
43.44085, 299243.76025, 699234.16416 
43.24292, 299170.18666, 697310.31031 
43.04566, 299096.39390, 695386.45646 
42.84907, 299022.38082, 693462.60260 
42.65315, 298948.14628, 691538.74875 
42.45790, 298873.68908, 689614.89489 
42.26330, 298799.00807, 687691.04104 
42.06936, 298724.10205, 685767.18719 
41.87608, 298648.96982, 683843.33333 
41.68345, 298573.61017, 681919.47948 
41.49147, 298498.02189, 679995.62563 
41.30014, 298422.20375, 678071.77177 
41.10945, 298346.15451, 676147.91792 
40.91940, 298269.87293, 674224.06406 
40.72998, 298193.35773, 672300.21021 
40.54121, 298116.60766, 670376.35636 
40.35306, 298039.62143, 668452.50250 
40.16555, 297962.39775, 666528.64865 
39.97866, 297884.93532, 664604.79479 
39.79239, 297807.23282, 662680.94094 
39.60675, 297729.28893, 660757.08709 
39.42173, 297651.10232, 658833.23323 
39.23732, 297572.67163, 656909.37938 
39.05352, 297493.99550, 654985.52553 
38.87034, 297415.07257, 653061.67167 
38.68776, 297335.90144, 651137.81782 
38.50579, 297256.48074, 649213.96396 
38.32442, 297176.80904, 647290.11011 
38.14365, 297096.88492, 645366.25626 
37.96348, 297016.70696, 643442.40240 
37.78391, 296936.27371, 641518.54855 
37.60492, 296855.58371, 639594.69469 
37.42653, 296774.63550, 637670.84084 
37.24872, 296693.42758, 635746.98699 
37.07150, 296611.95845, 633823.13313 
36.89486, 296530.22662, 631899.27928 
36.71880, 296448.23055, 629975.42543 
36.54331, 296365.96871, 628051.57157 
36.36841, 296283.43954, 626127.71772 
36.19407, 296200.64148, 624203.86386 
36.02030, 296117.57295, 622280.01001 
35.84710, 296034.23234, 620356.15616 
35.67447, 295950.61807, 618432.30230 
35.50240, 295866.72849, 616508.44845 
35.33089, 295782.56198, 614584.59459 
35.15994, 295698.11687, 612660.74074 
34.98954, 295613.39149, 610736.88689 
34.81969, 295528.38417, 608813.03303 
34.65040, 295443.09320, 606889.17918 
34.48166, 295357.51686, 604965.32533 
34.31346, 295271.65343, 603041.47147 
34.14580, 295185.50114, 601117.61762 
33.97869, 295099.05825, 599193.76376 
33.81212, 295012.32295, 597269.90991 
33.64608, 294925.29346, 595346.05606 
33.48058, 294837.96796, 593422.20220 
33.31561, 294750.34461, 591498.34835 
33.15117, 294662.42157, 589574.49449 
32.98726, 294574.19696, 587650.64064 
32.82388, 294485.66889, 585726.78679 
32.66102, 294396.83547, 583802.93293 
32.51470, 294316.52501, 581879.07908 
32.37968, 294242.02451, 579955.22523 
32.24494, 294167.30405, 578031.37137 
32.11047, 294092.36199, 576107.51752 
31.97628, 294017.19671, 574183.66366 
31.84237, 293941.80677, 572259.80981 
31.70873, 293866.19010, 570335.95596 
31.57536, 293790.34523, 568412.10210 
31.44226, 293714.27045, 566488.24825 
31.30943, 293637.96407, 564564.39439 
31.17687, 293561.42435, 562640.54054 
31.04457, 293484.64955, 560716.68669 
30.91254, 293407.63792, 558792.83283 
30.78077, 293330.38769, 556868.97898 
30.64926, 293252.89705, 554945.12513 
30.51802, 293175.16421, 553021.27127 
30.38703, 293097.18733, 551097.41742 
30.25630, 293018.96457, 549173.56356 
30.12583, 292940.49408, 547249.70971 
29.99562, 292861.77397, 545325.85586 
29.86566, 292782.80233, 543402.00200 
29.73595, 292703.57726, 541478.14815 
29.60649, 292624.09682, 539554.29429 
29.47729, 292544.35905, 537630.44044 
29.34833, 292464.36198, 535706.58659 
29.21962, 292384.10361, 533782.73273 
29.09116, 292303.58192, 531858.87888 
28.96295, 292222.79489, 529935.02503 
28.83498, 292141.74044, 528011.17117 
28.70725, 292060.41651, 526087.31732 
28.57977, 291978.82099, 524163.46346 
28.45253, 291896.95176, 522239.60961 
28.32553, 291814.80669, 520315.75576 
28.19876, 291732.38359, 518391.90190 
28.07224, 291649.68029, 516468.04805 
27.94595, 291566.69456, 514544.19419 
27.81989, 291483.42419, 512620.34034 
27.69407, 291399.86689, 510696.48649 
27.56849, 291316.02040, 508772.63263 
27.44313, 291231.88240, 506848.77878 
27.31801, 291147.45056, 504924.92492 
27.19312, 291062.72252, 503001.07107 
27.06845, 290977.69590, 501077.21722 
26.94402, 290892.36828, 499153.36336 
26.81981, 290806.73722, 497229.50951 
26.69583, 290720.80027, 495305.65566 
26.57207, 290634.55492, 493381.80180 
26.44853, 290547.99866, 491457.94795 
26.32522, 290461.12895, 489534.09409 
26.20213, 290373.94319, 487610.24024 
26.07926, 290286.43880, 485686.38639 
25.95661, 290198.61312, 483762.53253 
25.83417, 290110.46350, 481838.67868 
25.71196, 290021.98723, 479914.82482 
25.58996, 289933.18159, 477990.97097 
25.46818, 289844.04381, 476067.11712 
25.34661, 289754.57111, 474143.26326 
25.22526, 289664.76066, 472219.40941 
25.10411, 289574.60960, 470295.55556 
24.98318, 289484.11504, 468371.70170 
24.86246, 289393.27405, 466447.84785 
24.74195, 289302.08366, 464523.99399 
24.62165, 289210.54089, 462600.14014 
24.50156, 289118.64270, 460676.28629 
24.38167, 289026.38601, 458752.43243 
24.26199, 288933.76772, 456828.57858 
24.14252, 288840.78468, 454904.72472 
24.02325, 288747.43372, 452980.87087 
23.90418, 288653.71159, 451057.01702 
23.78532, 288559.61505, 449133.16316 
23.66665, 288465.14078, 447209.30931 
23.54819, 288370.28544, 445285.45546 
23.42993, 288275.04564, 443361.60160 
23.31186, 288179.41795, 441437.74775 
23.19400, 288083.39889, 439513.89389 
23.07633, 287986.98494, 437590.04004 
22.95886, 287890.17255, 435666.18619 
22.84158, 287792.95809, 433742.33233 
22.72450, 287695.33791, 431818.47848 
22.60761, 287597.30831, 429894.62462 
22.49091, 287498.86553, 427970.77077 
22.37441, 287400.00577, 426046.91692 
22.25809, 287300.72517, 424123.06306 
22.14197, 287201.01983, 422199.20921 
22.02604, 287100.88580, 420275.35536 
21.91029, 287000.31905, 418351.50150 
21.79473, 286899.31554, 416427.64765 
21.67936, 286797.87114, 414503.79379 
21.56418, 286695.98167, 412579.93994 
21.44918, 286593.64290, 410656.08609 
21.33437, 286490.85054, 408732.23223 
21.21974, 286387.60025, 406808.37838 
21.10529, 286283.88760, 404884.52452 
20.99103, 286179.70814, 402960.67067 
20.87694, 286075.05731, 401036.81682 
20.76304, 285969.93053, 399112.96296 
20.64932, 285864.32314, 397189.10911 
20.53578, 285758.23039, 395265.25526 
20.42241, 285651.64749, 393341.40140 
20.30923, 285544.56957, 391417.54755 
20.19622, 285436.99170, 389493.69369 
20.08338, 285328.90886, 387569.83984 
19.97072, 285220.31598, 385645.98599 
19.85824, 285111.20789, 383722.13213 
19.74593, 285001.57936, 381798.27828 
19.63380, 284891.42507, 379874.42442 
19.52183, 284780.73965, 377950.57057 
19.41004, 284669.51760, 376026.71672 
19.29842, 284557.75338, 374102.86286 
19.18697, 284445.44135, 372179.00901 
19.07569, 284332.57579, 370255.15516 
18.96457, 284219.15087, 368331.30130 
18.85363, 284105.16070, 366407.44745 
18.74285, 283990.59928, 364483.59359 
18.63224, 283875.46072, 362559.73974 
18.52180, 283759.73845, 360635.88589 
18.41152, 283643.42637, 358712.03203 
18.30141, 283526.51811, 356788.17818 
18.19146, 283409.00718, 354864.32432 
18.08167, 283290.88700, 352940.47047 
17.97205, 283172.15088, 351016.61662 
17.86258, 283052.79200, 349092.76276 
17.75328, 282932.80347, 347168.90891 
17.64414, 282812.17825, 345245.05506 
17.53516, 282690.90921, 343321.20120 
17.42634, 282568.98907, 341397.34735 
17.31768, 282446.41047, 339473.49349 
17.20918, 282323.16589, 337549.63964 
17.10083, 282199.24770, 335625.78579 
16.99264, 282074.64815, 333701.93193 
16.88461, 281949.35933, 331778.07808 
16.77673, 281823.37321, 329854.22422 
16.66900, 281696.68163, 327930.37037 
16.56143, 281569.27628, 326006.51652 
16.45402, 281441.14870, 324082.66266 
16.34675, 281312.29027, 322158.80881 
16.23964, 281182.69226, 320234.95495 
16.13268, 281052.34580, 318311.10110 
16.02587, 280921.24169, 316387.24725 
15.91921, 280789.37076, 314463.39339 
15.81270, 280656.72360, 312539.53954 
15.70634, 280523.29064, 310615.68569 
15.60013, 280389.06211, 308691.83183 
15.49406, 280254.02810, 306767.97798 
15.38815, 280118.17848, 304844.12412 
15.28238, 279981.50293, 302920.27027 
15.17675, 279843.99096, 300996.41642 
15.07127, 279705.63187, 299072.56256 
14.96594, 279566.41474, 297148.70871 
14.86075, 279426.32847, 295224.85485 
14.75570, 279285.36171, 293301.00100 
14.65079, 279143.50292, 291377.14715 
14.54603, 279000.74031, 289453.29329 
14.44141, 278857.06187, 287529.43944 
14.33693, 278712.45536, 285605.58559 
14.23259, 278566.90827, 283681.73173 
14.12840, 278420.40786, 281757.87788 
14.02434, 278272.94111, 279834.02402 
13.92042, 278124.49476, 277910.17017 
13.81663, 277975.05525, 275986.31632 
13.71299, 277824.60877, 274062.46246 
13.60948, 277673.14119, 272138.60861 
13.50611, 277520.63809, 270214.75475 
13.40287, 277367.08477, 268290.90090 
13.29977, 277212.46619, 266367.04705 
13.19681, 277056.76699, 264443.19319 
13.09397, 276899.97148, 262519.33934 
12.99127, 276742.06364, 260595.48549 
12.88871, 276583.02707, 258671.63163 
12.78628, 276422.84504, 256747.77778 
12.68397, 276261.50043, 254823.92392 
12.58180, 276098.97573, 252900.07007 
12.47977, 275935.25305, 250976.21622 
12.37786, 275770.31406, 249052.36236 
12.27608, 275604.14005, 247128.50851 
12.17442, 275436.71185, 245204.65465 
12.07290, 275268.00985, 243280.80080 
11.97151, 275098.01397, 241356.94695 
11.87024, 274926.70366, 239433.09309 
11.76910, 274754.05788, 237509.23924 
11.66808, 274580.05509, 235585.38539 
11.56719, 274404.67320, 233661.53153 
11.46643, 274227.88959, 231737.67768 
11.36579, 274049.68111, 229813.82382 
11.26527, 273870.02398, 227889.96997 
11.16488, 273688.89386, 225966.11612 
11.06461, 273506.26578, 224042.26226 
10.96446, 273322.11413, 222118.40841 
10.86444, 273136.41265, 220194.55455 
10.76453, 272949.13437, 218270.70070 
10.66474, 272760.25164, 216346.84685 
10.56508, 272569.73605, 214422.99299 
10.46553, 272377.55847, 212499.13914 
10.36611, 272183.68893, 210575.28529 
10.26680, 271988.09669, 208651.43143 
10.16760, 271790.75015, 206727.57758 
10.06853, 271591.61681, 204803.72372 
9.96957, 271390.66330, 202879.86987 
9.87073, 271187.85527, 200956.01602 
9.77200, 270983.15741, 199032.16216 
9.67339, 270776.53338, 197108.30831 
9.57489, 270567.94580, 195184.45445 
9.47651, 270357.35616, 193260.60060 
9.37824, 270144.72484, 191336.74675 
9.28008, 269930.01101, 189412.89289 
9.18203, 269713.17261, 187489.03904 
9.08409, 269494.16629, 185565.18519 
8.98627, 269272.94736, 183641.33133 
8.88855, 269049.46972, 181717.47748 
8.79095, 268823.68583, 179793.62362 
8.69345, 268595.54663, 177869.76977 
8.59606, 268365.00147, 175945.91592 
8.49878, 268131.99804, 174022.06206 
8.40161, 267896.48232, 172098.20821 
8.30454, 267658.39848, 170174.35435 
8.20758, 267417.68879, 168250.50050 
8.11072, 267174.29357, 166326.64665 
8.01397, 266928.15106, 164402.79279 
7.91732, 266679.19737, 162478.93894 
7.82078, 266427.36630, 160555.08509 
7.72433, 266172.58934, 158631.23123 
7.62799, 265914.79545, 156707.37738 
7.53175, 265653.91101, 154783.52352 
7.43562, 265389.85965, 152859.66967 
7.33958, 265122.56214, 150935.81582 
7.24364, 264851.93623, 149011.96196 
7.14780, 264577.89648, 147088.10811 
7.05206, 264300.35413, 145164.25425 
6.95641, 264019.21689, 143240.40040 
6.86087, 263734.38877, 141316.54655 
6.76541, 263445.76987, 139392.69269 
6.67006, 263153.25617, 137468.83884 
6.57479, 262856.73929, 135544.98498 
6.47963, 262556.10626, 133621.13113 
6.38455, 262251.23922, 131697.27728 
6.28957, 261942.01518, 129773.42342 
6.19468, 261628.30570, 127849.56957 
6.09987, 261309.97654, 125925.71572 
6.00516, 260986.88732, 124001.86186 
5.91054, 260658.89115, 122078.00801 
5.81601, 260325.83422, 120154.15415 
5.72156, 259987.55532, 118230.30030 
5.62720, 259643.88541, 116306.44645 
5.53293, 259294.64707, 114382.59259 
5.43874, 258939.65392, 112458.73874 
5.34463, 258578.71007, 110534.88488 
5.25061, 258211.60937, 108611.03103 
5.15667, 257838.13476, 106687.17718 
5.06281, 257458.05744, 104763.32332 
4.96903, 257071.13600, 102839.46947 
4.87533, 256677.11552, 100915.61562 
4.78171, 256275.72649, 98991.76176 
4.68816, 255866.68368, 97067.90791 
4.59469, 255449.68492, 95144.05405 
4.50130, 255024.40971, 93220.20020 
4.40798, 254590.51768, 91296.34635 
4.31473, 254147.64695, 89372.49249 
4.22155, 253695.41225, 87448.63864 
4.12844, 253233.40283, 85524.78478 
4.03540, 252761.18024, 83600.93093 
3.94242, 252278.27566, 81677.07708 
3.84951, 251784.18711, 79753.22322 
3.75667, 251278.37621, 77829.36937 
3.66388, 250760.26455, 75905.51552 
3.57116, 250229.22963, 73981.66166 
3.47850, 249684.60022, 72057.80781 
3.38589, 249125.65118, 70133.95395 
3.29334, 248551.59746, 68210.10010 
3.20084, 247961.58728, 66286.24625 
3.10839, 247354.69439, 64362.39239 
3.01599, 246729.90907, 62438.53854 
2.92364, 246086.12772, 60514.68468 
2.83133, 245422.14091, 58590.83083 
2.73906, 244736.61925, 56666.97698 
2.64683, 244028.09703, 54743.12312 
2.55464, 243294.95280, 52819.26927 
2.46247, 242535.38648, 50895.41542 
2.37034, 241747.39198, 48971.56156 
2.27823, 240928.72450, 47047.70771 
2.18614, 240076.86089, 45123.85385 
2.09407, 239188.95157, 43200.00000 
