rho [kg/m3], e [J/kg], P [Pa] 
126.64425, 413304.53161, 1809400.00000 
126.43013, 413280.34589, 1807769.90991 
126.21635, 413256.13786, 1806139.81982 
126.00290, 413231.90799, 1804509.72973 
125.78979, 413207.65606, 1802879.63964 
125.57701, 413183.38208, 1801249.54955 
125.36457, 413159.08606, 1799619.45946 
125.15246, 413134.76803, 1797989.36937 
124.94068, 413110.42798, 1796359.27928 
124.72924, 413086.06595, 1794729.18919 
124.51813, 413061.68194, 1793099.09910 
124.30736, 413037.27596, 1791469.00901 
124.09691, 413012.84803, 1789838.91892 
123.88680, 412988.39795, 1788208.82883 
123.67702, 412963.92613, 1786578.73874 
123.46758, 412939.43239, 1784948.64865 
123.25846, 412914.91675, 1783318.55856 
123.04968, 412890.37922, 1781688.46847 
122.84122, 412865.81981, 1780058.37838 
122.63310, 412841.23852, 1778428.28829 
122.42531, 412816.63536, 1776798.19820 
122.21784, 412792.01035, 1775168.10811 
122.01071, 412767.36349, 1773538.01802 
121.80390, 412742.69478, 1771907.92793 
121.59742, 412718.00424, 1770277.83784 
121.39127, 412693.29186, 1768647.74775 
121.18545, 412668.55767, 1767017.65766 
120.97995, 412643.80165, 1765387.56757 
120.77478, 412619.02381, 1763757.47748 
120.56994, 412594.22417, 1762127.38739 
120.36542, 412569.40272, 1760497.29730 
120.16123, 412544.55946, 1758867.20721 
119.95736, 412519.69440, 1757237.11712 
119.75382, 412494.80754, 1755607.02703 
119.55060, 412469.89888, 1753976.93694 
119.34770, 412444.96842, 1752346.84685 
119.14513, 412420.01617, 1750716.75676 
118.94288, 412395.04212, 1749086.66667 
118.74095, 412370.04627, 1747456.57658 
118.53934, 412345.02862, 1745826.48649 
118.33805, 412319.98917, 1744196.39640 
118.13709, 412294.92792, 1742566.30631 
117.93644, 412269.84487, 1740936.21622 
117.73612, 412244.74001, 1739306.12613 
117.53611, 412219.61334, 1737676.03604 
117.33642, 412194.46485, 1736045.94595 
117.13705, 412169.29455, 1734415.85586 
116.93800, 412144.10242, 1732785.76577 
116.73927, 412118.88846, 1731155.67568 
116.54085, 412093.65267, 1729525.58559 
116.34275, 412068.39504, 1727895.49550 
116.14496, 412043.11556, 1726265.40541 
115.94749, 412017.81423, 1724635.31532 
115.75034, 411992.49104, 1723005.22523 
115.55349, 411967.14597, 1721375.13514 
115.35697, 411941.77903, 1719745.04505 
115.16075, 411916.39021, 1718114.95495 
114.96485, 411890.97948, 1716484.86486 
114.76926, 411865.54685, 1714854.77477 
114.57398, 411840.09230, 1713224.68468 
114.37901, 411814.61583, 1711594.59459 
114.18435, 411789.11742, 1709964.50450 
113.99000, 411763.59706, 1708334.41441 
113.79596, 411738.05474, 1706704.32432 
113.60223, 411712.49044, 1705074.23423 
113.40881, 411686.90415, 1703444.14414 
113.21570, 411661.29587, 1701814.05405 
113.02289, 411635.66557, 1700183.96396 
112.83039, 411610.01324, 1698553.87387 
112.63820, 411584.33887, 1696923.78378 
112.44631, 411558.64244, 1695293.69369 
112.25472, 411532.92394, 1693663.60360 
112.06344, 411507.18335, 1692033.51351 
111.87247, 411481.42065, 1690403.42342 
111.68180, 411455.63583, 1688773.33333 
111.49143, 411429.82887, 1687143.24324 
111.30136, 411403.99976, 1685513.15315 
111.11159, 411378.14847, 1683883.06306 
110.92212, 411352.27498, 1682252.97297 
110.73296, 411326.37928, 1680622.88288 
110.54409, 411300.46135, 1678992.79279 
110.35553, 411274.52117, 1677362.70270 
110.16726, 411248.55872, 1675732.61261 
109.97929, 411222.57398, 1674102.52252 
109.79162, 411196.56692, 1672472.43243 
109.60424, 411170.53753, 1670842.34234 
109.41716, 411144.48579, 1669212.25225 
109.23038, 411118.41167, 1667582.16216 
109.04389, 411092.31515, 1665952.07207 
108.85769, 411066.19620, 1664321.98198 
108.67179, 411040.05481, 1662691.89189 
108.48619, 411013.89095, 1661061.80180 
108.30087, 410987.70460, 1659431.71171 
108.11585, 410961.49573, 1657801.62162 
107.93112, 410935.26432, 1656171.53153 
107.74668, 410909.01034, 1654541.44144 
107.56253, 410882.73377, 1652911.35135 
107.37867, 410856.43458, 1651281.26126 
107.19510, 410830.11274, 1649651.17117 
107.01182, 410803.76824, 1648021.08108 
106.82883, 410777.40103, 1646390.99099 
106.64612, 410751.01110, 1644760.90090 
106.46370, 410724.59841, 1643130.81081 
106.28157, 410698.16294, 1641500.72072 
106.09972, 410671.70467, 1639870.63063 
105.91815, 410645.22355, 1638240.54054 
105.73688, 410618.71956, 1636610.45045 
105.55588, 410592.19268, 1634980.36036 
105.37517, 410565.64287, 1633350.27027 
105.19474, 410539.07010, 1631720.18018 
105.01459, 410512.47434, 1630090.09009 
104.83473, 410485.85556, 1628460.00000 
104.65514, 410459.21373, 1626829.90991 
104.47584, 410432.54882, 1625199.81982 
104.29681, 410405.86080, 1623569.72973 
104.11807, 410379.14962, 1621939.63964 
103.93960, 410352.41527, 1620309.54955 
103.76141, 410325.65770, 1618679.45946 
103.58349, 410298.87689, 1617049.36937 
103.40586, 410272.07279, 1615419.27928 
103.22850, 410245.24538, 1613789.18919 
103.05141, 410218.39462, 1612159.09910 
102.87460, 410191.52048, 1610529.00901 
102.69806, 410164.62292, 1608898.91892 
102.52180, 410137.70191, 1607268.82883 
102.34581, 410110.75740, 1605638.73874 
102.17009, 410083.78937, 1604008.64865 
101.99465, 410056.79777, 1602378.55856 
101.81947, 410029.78258, 1600748.46847 
101.64457, 410002.74374, 1599118.37838 
101.46993, 409975.68124, 1597488.28829 
101.29557, 409948.59502, 1595858.19820 
101.12147, 409921.48505, 1594228.10811 
100.94764, 409894.35129, 1592598.01802 
100.77408, 409867.19370, 1590967.92793 
100.60079, 409840.01224, 1589337.83784 
100.42776, 409812.80688, 1587707.74775 
100.25500, 409785.57757, 1586077.65766 
100.08250, 409758.32428, 1584447.56757 
99.91027, 409731.04696, 1582817.47748 
99.73830, 409703.74557, 1581187.38739 
99.56659, 409676.42007, 1579557.29730 
99.39515, 409649.07042, 1577927.20721 
99.22397, 409621.69658, 1576297.11712 
99.05305, 409594.29851, 1574667.02703 
98.88239, 409566.87616, 1573036.93694 
98.71199, 409539.42949, 1571406.84685 
98.54185, 409511.95845, 1569776.75676 
98.37198, 409484.46302, 1568146.66667 
98.20235, 409456.94313, 1566516.57658 
98.03299, 409429.39875, 1564886.48649 
97.86389, 409401.82984, 1563256.39640 
97.69504, 409374.23634, 1561626.30631 
97.52644, 409346.61821, 1559996.21622 
97.35811, 409318.97542, 1558366.12613 
97.19003, 409291.30790, 1556736.03604 
97.02220, 409263.61563, 1555105.94595 
96.85462, 409235.89854, 1553475.85586 
96.68730, 409208.15660, 1551845.76577 
96.52023, 409180.38976, 1550215.67568 
96.35342, 409152.59797, 1548585.58559 
96.18685, 409124.78118, 1546955.49550 
96.02054, 409096.93935, 1545325.40541 
95.85448, 409069.07242, 1543695.31532 
95.68866, 409041.18036, 1542065.22523 
95.52310, 409013.26311, 1540435.13514 
95.35778, 408985.32062, 1538805.04505 
95.19271, 408957.35284, 1537174.95495 
95.02789, 408929.35973, 1535544.86486 
94.86332, 408901.34123, 1533914.77477 
94.69899, 408873.29730, 1532284.68468 
94.53491, 408845.22788, 1530654.59459 
94.37107, 408817.13292, 1529024.50450 
94.20747, 408789.01238, 1527394.41441 
94.04413, 408760.86619, 1525764.32432 
93.88102, 408732.69432, 1524134.23423 
93.71816, 408704.49671, 1522504.14414 
93.55553, 408676.27330, 1520874.05405 
93.39316, 408648.02405, 1519243.96396 
93.23102, 408619.74889, 1517613.87387 
93.06912, 408591.44779, 1515983.78378 
92.90746, 408563.12068, 1514353.69369 
92.74604, 408534.76751, 1512723.60360 
92.58486, 408506.38823, 1511093.51351 
92.42392, 408477.98278, 1509463.42342 
92.26322, 408449.55111, 1507833.33333 
92.10275, 408421.09317, 1506203.24324 
91.94252, 408392.60889, 1504573.15315 
91.78252, 408364.09823, 1502943.06306 
91.62276, 408335.56113, 1501312.97297 
91.46324, 408306.99753, 1499682.88288 
91.30395, 408278.40737, 1498052.79279 
91.14489, 408249.79061, 1496422.70270 
90.98607, 408221.14718, 1494792.61261 
90.82748, 408192.47703, 1493162.52252 
90.66912, 408163.78009, 1491532.43243 
90.51099, 408135.05632, 1489902.34234 
90.35310, 408106.30565, 1488272.25225 
90.19543, 408077.52802, 1486642.16216 
90.03799, 408048.72338, 1485012.07207 
89.88079, 408019.89167, 1483381.98198 
89.72381, 407991.03283, 1481751.89189 
89.56706, 407962.14680, 1480121.80180 
89.41054, 407933.23351, 1478491.71171 
89.25424, 407904.29292, 1476861.62162 
89.09817, 407875.32496, 1475231.53153 
88.94233, 407846.32957, 1473601.44144 
88.78671, 407817.30668, 1471971.35135 
88.63132, 407788.25624, 1470341.26126 
88.47615, 407759.17819, 1468711.17117 
88.32121, 407730.07247, 1467081.08108 
88.16649, 407700.93900, 1465450.99099 
88.01199, 407671.77774, 1463820.90090 
87.85771, 407642.58862, 1462190.81081 
87.70366, 407613.37156, 1460560.72072 
87.54983, 407584.12653, 1458930.63063 
87.39622, 407554.85344, 1457300.54054 
87.24283, 407525.55223, 1455670.45045 
87.08965, 407496.22285, 1454040.36036 
86.93670, 407466.86522, 1452410.27027 
86.78397, 407437.47928, 1450780.18018 
86.63145, 407408.06497, 1449150.09009 
86.47915, 407378.62223, 1447520.00000 
86.32707, 407349.15098, 1445889.90991 
86.17520, 407319.65116, 1444259.81982 
86.02355, 407290.12271, 1442629.72973 
85.87212, 407260.56555, 1440999.63964 
85.72090, 407230.97963, 1439369.54955 
85.56990, 407201.36487, 1437739.45946 
85.41911, 407171.72122, 1436109.36937 
85.26853, 407142.04859, 1434479.27928 
85.11817, 407112.34692, 1432849.18919 
84.96801, 407082.61615, 1431219.09910 
84.81807, 407052.85621, 1429589.00901 
84.66835, 407023.06702, 1427958.91892 
84.51883, 406993.24852, 1426328.82883 
84.36952, 406963.40065, 1424698.73874 
84.22042, 406933.52332, 1423068.64865 
84.07153, 406903.61647, 1421438.55856 
83.92286, 406873.68004, 1419808.46847 
83.77438, 406843.71394, 1418178.37838 
83.62612, 406813.71811, 1416548.28829 
83.47807, 406783.69249, 1414918.19820 
83.33022, 406753.63698, 1413288.10811 
83.18257, 406723.55154, 1411658.01802 
83.03514, 406693.43607, 1410027.92793 
82.88791, 406663.29052, 1408397.83784 
82.74088, 406633.11481, 1406767.74775 
82.59406, 406602.90886, 1405137.65766 
82.44744, 406572.67260, 1403507.56757 
82.30103, 406542.40597, 1401877.47748 
82.15481, 406512.10888, 1400247.38739 
82.00881, 406481.78126, 1398617.29730 
81.86300, 406451.42304, 1396987.20721 
81.71739, 406421.03414, 1395357.11712 
81.57199, 406390.61449, 1393727.02703 
81.42678, 406360.16401, 1392096.93694 
81.28178, 406329.68263, 1390466.84685 
81.13698, 406299.17027, 1388836.75676 
80.99237, 406268.62685, 1387206.66667 
80.84796, 406238.05231, 1385576.57658 
80.70375, 406207.44655, 1383946.48649 
80.55974, 406176.80951, 1382316.39640 
80.41593, 406146.14111, 1380686.30631 
80.27231, 406115.44126, 1379056.21622 
80.12889, 406084.70990, 1377426.12613 
79.98567, 406053.94694, 1375796.03604 
79.84264, 406023.15230, 1374165.94595 
79.69980, 405992.32591, 1372535.85586 
79.55716, 405961.46769, 1370905.76577 
79.41472, 405930.57755, 1369275.67568 
79.27246, 405899.65542, 1367645.58559 
79.13041, 405868.70121, 1366015.49550 
78.98854, 405837.71486, 1364385.40541 
78.84686, 405806.69626, 1362755.31532 
78.70538, 405775.64535, 1361125.22523 
78.56409, 405744.56204, 1359495.13514 
78.42299, 405713.44625, 1357865.04505 
78.28208, 405682.29790, 1356234.95495 
78.14135, 405651.11691, 1354604.86486 
78.00082, 405619.90319, 1352974.77477 
77.86048, 405588.65665, 1351344.68468 
77.72033, 405557.37723, 1349714.59459 
77.58036, 405526.06482, 1348084.50450 
77.44058, 405494.71935, 1346454.41441 
77.30099, 405463.34074, 1344824.32432 
77.16158, 405431.92890, 1343194.23423 
77.02237, 405400.48374, 1341564.14414 
76.88333, 405369.00517, 1339934.05405 
76.74449, 405337.49312, 1338303.96396 
76.60582, 405305.94750, 1336673.87387 
76.46735, 405274.36821, 1335043.78378 
76.32905, 405242.75518, 1333413.69369 
76.19094, 405211.10831, 1331783.60360 
76.05302, 405179.42752, 1330153.51351 
75.91527, 405147.71272, 1328523.42342 
75.77771, 405115.96383, 1326893.33333 
75.64033, 405084.18074, 1325263.24324 
75.50313, 405052.36338, 1323633.15315 
75.36612, 405020.51166, 1322003.06306 
75.22928, 404988.62548, 1320372.97297 
75.09262, 404956.70476, 1318742.88288 
74.95615, 404924.74940, 1317112.79279 
74.81985, 404892.75931, 1315482.70270 
74.68373, 404860.73441, 1313852.61261 
74.54779, 404828.67460, 1312222.52252 
74.41203, 404796.57980, 1310592.43243 
74.27645, 404764.44990, 1308962.34234 
74.14104, 404732.28481, 1307332.25225 
74.00582, 404700.08445, 1305702.16216 
73.87076, 404667.84872, 1304072.07207 
73.73589, 404635.57753, 1302441.98198 
73.60119, 404603.27077, 1300811.89189 
73.46666, 404570.92859, 1299181.80180 
73.33231, 404538.55044, 1297551.71171 
73.19813, 404506.13644, 1295921.62162 
73.06413, 404473.68651, 1294291.53153 
72.93030, 404441.20055, 1292661.44144 
72.79665, 404408.67845, 1291031.35135 
72.66316, 404376.12013, 1289401.26126 
72.52985, 404343.52549, 1287771.17117 
72.39671, 404310.89443, 1286141.08108 
72.26375, 404278.22685, 1284510.99099 
72.13095, 404245.52266, 1282880.90090 
71.99833, 404212.78175, 1281250.81081 
71.86587, 404180.00403, 1279620.72072 
71.73359, 404147.18940, 1277990.63063 
71.60147, 404114.33775, 1276360.54054 
71.46953, 404081.44900, 1274730.45045 
71.33775, 404048.52303, 1273100.36036 
71.20614, 404015.55975, 1271470.27027 
71.07470, 403982.55906, 1269840.18018 
70.94343, 403949.52085, 1268210.09009 
70.81233, 403916.44502, 1266580.00000 
70.68139, 403883.33148, 1264949.90991 
70.55062, 403850.18011, 1263319.81982 
70.42001, 403816.99081, 1261689.72973 
70.28957, 403783.76349, 1260059.63964 
70.15930, 403750.49803, 1258429.54955 
70.02919, 403717.19434, 1256799.45946 
69.89924, 403683.85230, 1255169.36937 
69.76946, 403650.47181, 1253539.27928 
69.63984, 403617.05278, 1251909.18919 
69.51039, 403583.59508, 1250279.09910 
69.38110, 403550.09861, 1248649.00901 
69.25197, 403516.56328, 1247018.91892 
69.12301, 403482.98896, 1245388.82883 
68.99420, 403449.37555, 1243758.73874 
68.86556, 403415.72295, 1242128.64865 
68.73708, 403382.03105, 1240498.55856 
68.60876, 403348.29972, 1238868.46847 
68.48060, 403314.52888, 1237238.37838 
68.35260, 403280.71840, 1235608.28829 
68.22476, 403246.86818, 1233978.19820 
68.09708, 403212.97811, 1232348.10811 
67.96956, 403179.04807, 1230718.01802 
67.84220, 403145.07795, 1229087.92793 
67.71500, 403111.06764, 1227457.83784 
67.58795, 403077.01703, 1225827.74775 
67.46106, 403042.92601, 1224197.65766 
67.33433, 403008.79445, 1222567.56757 
67.20776, 402974.62225, 1220937.47748 
67.08134, 402940.40930, 1219307.38739 
66.95508, 402906.15547, 1217677.29730 
66.82897, 402871.86066, 1216047.20721 
66.70302, 402837.52475, 1214417.11712 
66.57722, 402803.14761, 1212787.02703 
66.45158, 402768.72914, 1211156.93694 
66.32610, 402734.26922, 1209526.84685 
66.20077, 402699.76772, 1207896.75676 
66.07559, 402665.22454, 1206266.66667 
65.95056, 402630.63954, 1204636.57658 
65.82569, 402596.01262, 1203006.48649 
65.70097, 402561.34366, 1201376.39640 
65.57640, 402526.63253, 1199746.30631 
65.45199, 402491.87911, 1198116.21622 
65.32772, 402457.08328, 1196486.12613 
65.20361, 402422.24493, 1194856.03604 
65.07965, 402387.36392, 1193225.94595 
64.95584, 402352.44014, 1191595.85586 
64.83218, 402317.47346, 1189965.76577 
64.70867, 402282.46376, 1188335.67568 
64.58531, 402247.41091, 1186705.58559 
64.46209, 402212.31480, 1185075.49550 
64.33903, 402177.17529, 1183445.40541 
64.21612, 402141.99226, 1181815.31532 
64.09335, 402106.76558, 1180185.22523 
63.97073, 402071.49513, 1178555.13514 
63.84826, 402036.18079, 1176925.04505 
63.72594, 402000.82241, 1175294.95495 
63.60376, 401965.41988, 1173664.86486 
63.48173, 401929.97306, 1172034.77477 
63.35985, 401894.48183, 1170404.68468 
63.23811, 401858.94606, 1168774.59459 
63.11652, 401823.36561, 1167144.50450 
62.99507, 401787.74036, 1165514.41441 
62.87377, 401752.07017, 1163884.32432 
62.75261, 401716.35491, 1162254.23423 
62.63160, 401680.59446, 1160624.14414 
62.51073, 401644.78866, 1158994.05405 
62.39001, 401608.93741, 1157363.96396 
62.26942, 401573.04054, 1155733.87387 
62.14898, 401537.09795, 1154103.78378 
62.02869, 401501.10948, 1152473.69369 
61.90853, 401465.07500, 1150843.60360 
61.78852, 401428.99438, 1149213.51351 
61.66865, 401392.86748, 1147583.42342 
61.54892, 401356.69416, 1145953.33333 
61.42934, 401320.47428, 1144323.24324 
61.30989, 401284.20771, 1142693.15315 
61.19058, 401247.89430, 1141063.06306 
61.07142, 401211.53392, 1139432.97297 
60.95239, 401175.12642, 1137802.88288 
60.83351, 401138.67167, 1136172.79279 
60.71476, 401102.16951, 1134542.70270 
60.59615, 401065.61982, 1132912.61261 
60.47768, 401029.02244, 1131282.52252 
60.35935, 400992.37724, 1129652.43243 
60.24116, 400955.68406, 1128022.34234 
60.12310, 400918.94277, 1126392.25225 
60.00518, 400882.15321, 1124762.16216 
59.88740, 400845.31525, 1123132.07207 
59.76976, 400808.42873, 1121501.98198 
59.65225, 400771.49351, 1119871.89189 
59.53488, 400734.50945, 1118241.80180 
59.41765, 400697.47638, 1116611.71171 
59.30055, 400660.39417, 1114981.62162 
59.18358, 400623.26265, 1113351.53153 
59.06675, 400586.08170, 1111721.44144 
58.95006, 400548.85114, 1110091.35135 
58.83350, 400511.57083, 1108461.26126 
58.71707, 400474.24062, 1106831.17117 
58.60078, 400436.86035, 1105201.08108 
58.48462, 400399.42987, 1103570.99099 
58.36860, 400361.94902, 1101940.90090 
58.25271, 400324.41766, 1100310.81081 
58.13695, 400286.83562, 1098680.72072 
58.02132, 400249.20275, 1097050.63063 
57.90583, 400211.51888, 1095420.54054 
57.79046, 400173.78388, 1093790.45045 
57.67523, 400135.99756, 1092160.36036 
57.56013, 400098.15978, 1090530.27027 
57.44516, 400060.27037, 1088900.18018 
57.33033, 400022.32918, 1087270.09009 
57.21562, 399984.33604, 1085640.00000 
57.10104, 399946.29079, 1084009.90991 
56.98659, 399908.19327, 1082379.81982 
56.87227, 399870.04331, 1080749.72973 
56.75809, 399831.84075, 1079119.63964 
56.64403, 399793.58542, 1077489.54955 
56.53010, 399755.27717, 1075859.45946 
56.41629, 399716.91581, 1074229.36937 
56.30262, 399678.50119, 1072599.27928 
56.18907, 399640.03314, 1070969.18919 
56.07565, 399601.51148, 1069339.09910 
55.96236, 399562.93605, 1067709.00901 
55.84920, 399524.30668, 1066078.91892 
55.73616, 399485.62320, 1064448.82883 
55.62325, 399446.88543, 1062818.73874 
55.51046, 399408.09321, 1061188.64865 
55.39781, 399369.24635, 1059558.55856 
55.28527, 399330.34469, 1057928.46847 
55.17287, 399291.38805, 1056298.37838 
55.06058, 399252.37625, 1054668.28829 
54.94843, 399213.30912, 1053038.19820 
54.83639, 399174.18648, 1051408.10811 
54.72448, 399135.00815, 1049778.01802 
54.61270, 399095.77395, 1048147.92793 
54.50104, 399056.48370, 1046517.83784 
54.38950, 399017.13723, 1044887.74775 
54.27809, 398977.73435, 1043257.65766 
54.16680, 398938.27487, 1041627.56757 
54.05563, 398898.75862, 1039997.47748 
53.94459, 398859.18541, 1038367.38739 
53.83367, 398819.55506, 1036737.29730 
53.72286, 398779.86738, 1035107.20721 
53.61219, 398740.12217, 1033477.11712 
53.50163, 398700.31927, 1031847.02703 
53.39119, 398660.45847, 1030216.93694 
53.28088, 398620.53959, 1028586.84685 
53.17068, 398580.56244, 1026956.75676 
53.06061, 398540.52682, 1025326.66667 
52.95066, 398500.43255, 1023696.57658 
52.84082, 398460.27943, 1022066.48649 
52.73111, 398420.06727, 1020436.39640 
52.62151, 398379.79588, 1018806.30631 
52.51204, 398339.46505, 1017176.21622 
52.40268, 398299.07459, 1015546.12613 
52.29345, 398258.62431, 1013916.03604 
52.18433, 398218.11400, 1012285.94595 
52.07533, 398177.54349, 1010655.85586 
51.96644, 398136.91253, 1009025.76577 
51.85768, 398096.22094, 1007395.67568 
51.74903, 398055.46852, 1005765.58559 
51.64050, 398014.65509, 1004135.49550 
51.53209, 397973.78039, 1002505.40541 
51.42379, 397932.84428, 1000875.31532 
51.31561, 397891.84651, 999245.22523 
51.20755, 397850.78689, 997615.13514 
51.09960, 397809.66523, 995985.04505 
50.99177, 397768.48128, 994354.95495 
50.88405, 397727.23486, 992724.86486 
50.77645, 397685.92574, 991094.77477 
50.66896, 397644.55371, 989464.68468 
50.56159, 397603.11857, 987834.59459 
50.45433, 397561.62009, 986204.50450 
50.34719, 397520.05807, 984574.41441 
50.24016, 397478.43229, 982944.32432 
50.13325, 397436.74252, 981314.23423 
50.02645, 397394.98856, 979684.14414 
49.91976, 397353.17018, 978054.05405 
49.81318, 397311.28715, 976423.96396 
49.70672, 397269.33927, 974793.87387 
49.60037, 397227.32630, 973163.78378 
49.49414, 397185.24802, 971533.69369 
49.38801, 397143.10421, 969903.60360 
49.28200, 397100.89464, 968273.51351 
49.17610, 397058.61909, 966643.42342 
49.07031, 397016.27732, 965013.33333 
48.96463, 396973.86910, 963383.24324 
48.85906, 396931.39421, 961753.15315 
48.75361, 396888.85241, 960123.06306 
48.64826, 396846.24347, 958492.97297 
48.54303, 396803.56716, 956862.88288 
48.43790, 396760.82323, 955232.79279 
48.33288, 396718.01146, 953602.70270 
48.22798, 396675.13161, 951972.61261 
48.12318, 396632.18343, 950342.52252 
48.01850, 396589.16669, 948712.43243 
47.91392, 396546.08114, 947082.34234 
47.80945, 396502.92655, 945452.25225 
47.70509, 396459.70266, 943822.16216 
47.60083, 396416.40924, 942192.07207 
47.49669, 396373.04604, 940561.98198 
47.39265, 396329.61280, 938931.89189 
47.28873, 396286.10928, 937301.80180 
47.18490, 396242.53524, 935671.71171 
47.08119, 396198.89041, 934041.62162 
46.97758, 396155.17455, 932411.53153 
46.87408, 396111.38740, 930781.44144 
46.77069, 396067.52871, 929151.35135 
46.66740, 396023.59821, 927521.26126 
46.56422, 395979.59566, 925891.17117 
46.46114, 395935.52079, 924261.08108 
46.35817, 395891.37334, 922630.99099 
46.25531, 395847.15305, 921000.90090 
46.15255, 395802.85966, 919370.81081 
46.04989, 395758.49289, 917740.72072 
45.94735, 395714.05249, 916110.63063 
45.84490, 395669.53819, 914480.54054 
45.74256, 395624.94972, 912850.45045 
45.64032, 395580.28680, 911220.36036 
45.53819, 395535.54916, 909590.27027 
45.43616, 395490.73654, 907960.18018 
45.33424, 395445.84866, 906330.09009 
45.23242, 395400.88523, 904700.00000 
45.13070, 395355.84599, 903069.90991 
45.02908, 395310.73065, 901439.81982 
44.92757, 395265.53894, 899809.72973 
44.82616, 395220.27056, 898179.63964 
44.72485, 395174.92524, 896549.54955 
44.62365, 395129.50270, 894919.45946 
44.52254, 395084.00263, 893289.36937 
44.42154, 395038.42476, 891659.27928 
44.32064, 394992.76880, 890029.18919 
44.21984, 394947.03445, 888399.09910 
44.11914, 394901.22143, 886769.00901 
44.01854, 394855.32943, 885138.91892 
43.91804, 394809.35816, 883508.82883 
43.81765, 394763.30732, 881878.73874 
43.71735, 394717.17661, 880248.64865 
43.61715, 394670.96574, 878618.55856 
43.51706, 394624.67439, 876988.46847 
43.41706, 394578.30227, 875358.37838 
43.31716, 394531.84907, 873728.28829 
43.21736, 394485.31447, 872098.19820 
43.11767, 394438.69818, 870468.10811 
43.01806, 394391.99987, 868838.01802 
42.91856, 394345.21924, 867207.92793 
42.81916, 394298.35597, 865577.83784 
42.71985, 394251.40975, 863947.74775 
42.62065, 394204.38025, 862317.65766 
42.52154, 394157.26715, 860687.56757 
42.42253, 394110.07014, 859057.47748 
42.32361, 394062.78889, 857427.38739 
42.22480, 394015.42307, 855797.29730 
42.12608, 393967.97237, 854167.20721 
42.02745, 393920.43643, 852537.11712 
41.92893, 393872.81495, 850907.02703 
41.83050, 393825.10758, 849276.93694 
41.73216, 393777.31398, 847646.84685 
41.63393, 393729.43383, 846016.75676 
41.53578, 393681.46679, 844386.66667 
41.43774, 393633.41250, 842756.57658 
41.33979, 393585.27063, 841126.48649 
41.24193, 393537.04084, 839496.39640 
41.14417, 393488.72278, 837866.30631 
41.04651, 393440.31610, 836236.21622 
40.94894, 393391.82045, 834606.12613 
40.85146, 393343.23547, 832976.03604 
40.75408, 393294.56082, 831345.94595 
40.65680, 393245.79613, 829715.85586 
40.55960, 393196.94105, 828085.76577 
40.46250, 393147.99521, 826455.67568 
40.36550, 393098.95826, 824825.58559 
40.26859, 393049.82983, 823195.49550 
40.17177, 393000.60954, 821565.40541 
40.07504, 392951.29704, 819935.31532 
39.97841, 392901.89194, 818305.22523 
39.88187, 392852.39388, 816675.13514 
39.78542, 392802.80248, 815045.04505 
39.68907, 392753.11736, 813414.95495 
39.59280, 392703.33815, 811784.86486 
39.49663, 392653.46445, 810154.77477 
39.40055, 392603.49588, 808524.68468 
39.30457, 392553.43206, 806894.59459 
39.20867, 392503.27259, 805264.50450 
39.11287, 392453.01709, 803634.41441 
39.01715, 392402.66516, 802004.32432 
38.92153, 392352.21640, 800374.23423 
38.82600, 392301.67041, 798744.14414 
38.73056, 392251.02679, 797114.05405 
38.63521, 392200.28515, 795483.96396 
38.53994, 392149.44506, 793853.87387 
38.44477, 392098.50613, 792223.78378 
38.34969, 392047.46794, 790593.69369 
38.25470, 391996.33007, 788963.60360 
38.15980, 391945.09212, 787333.51351 
38.06499, 391893.75366, 785703.42342 
37.97026, 391842.31426, 784073.33333 
37.87563, 391790.77352, 782443.24324 
37.78108, 391739.13099, 780813.15315 
37.68663, 391687.38625, 779183.06306 
37.59226, 391635.53887, 777552.97297 
37.49798, 391583.58841, 775922.88288 
37.40378, 391531.53444, 774292.79279 
37.30968, 391479.37651, 772662.70270 
37.21566, 391427.11418, 771032.61261 
37.12173, 391374.74701, 769402.52252 
37.02789, 391322.27455, 767772.43243 
36.93414, 391269.69634, 766142.34234 
36.84047, 391217.01193, 764512.25225 
36.74689, 391164.22087, 762882.16216 
36.65340, 391111.32269, 761252.07207 
36.55999, 391058.31693, 759621.98198 
36.46667, 391005.20313, 757991.89189 
36.37343, 390951.98081, 756361.80180 
36.28029, 390898.64951, 754731.71171 
36.18722, 390845.20875, 753101.62162 
36.09425, 390791.65804, 751471.53153 
36.00135, 390737.99692, 749841.44144 
35.90855, 390684.22490, 748211.35135 
35.81583, 390630.34148, 746581.26126 
35.72319, 390576.34640, 744951.17117 
35.63064, 390522.23873, 743321.08108 
35.53817, 390468.01819, 741690.99099 
35.44579, 390413.68427, 740060.90090 
35.35350, 390359.23648, 738430.81081 
35.26128, 390304.67431, 736800.72072 
35.16915, 390249.99724, 735170.63063 
35.07711, 390195.20477, 733540.54054 
34.98515, 390140.29637, 731910.45045 
34.89327, 390085.27153, 730280.36036 
34.80148, 390030.12973, 728650.27027 
34.70976, 389974.87043, 727020.18018 
34.61814, 389919.49311, 725390.09009 
34.52659, 389863.99723, 723760.00000 
34.43513, 389808.38225, 722129.90991 
34.34375, 389752.64764, 720499.81982 
34.25245, 389696.79284, 718869.72973 
34.16124, 389640.81732, 717239.63964 
34.07010, 389584.72051, 715609.54955 
33.97905, 389528.50186, 713979.45946 
33.88808, 389472.16081, 712349.36937 
33.79720, 389415.69680, 710719.27928 
33.70639, 389359.10926, 709089.18919 
33.61567, 389302.39762, 707459.09910 
33.52502, 389245.56130, 705829.00901 
33.43446, 389188.59972, 704198.91892 
33.34398, 389131.51231, 702568.82883 
33.25358, 389074.29846, 700938.73874 
33.16326, 389016.95761, 699308.64865 
33.07302, 388959.48913, 697678.55856 
32.98286, 388901.89245, 696048.46847 
32.89278, 388844.16695, 694418.37838 
32.80278, 388786.31202, 692788.28829 
32.71286, 388728.32706, 691158.19820 
32.62302, 388670.21144, 689528.10811 
32.53326, 388611.96456, 687898.01802 
32.44358, 388553.58577, 686267.92793 
32.35397, 388495.07445, 684637.83784 
32.26445, 388436.42998, 683007.74775 
32.17501, 388377.65170, 681377.65766 
32.08564, 388318.73898, 679747.56757 
31.99635, 388259.69116, 678117.47748 
31.90714, 388200.50761, 676487.38739 
31.81801, 388141.18765, 674857.29730 
31.72896, 388081.73063, 673227.20721 
31.63999, 388022.13589, 671597.11712 
31.55109, 387962.40274, 669967.02703 
31.46227, 387902.53052, 668336.93694 
31.37353, 387842.51854, 666706.84685 
31.28487, 387782.36612, 665076.75676 
31.19628, 387722.07256, 663446.66667 
31.10777, 387661.63718, 661816.57658 
31.01934, 387601.05926, 660186.48649 
30.93098, 387540.33811, 658556.39640 
30.84270, 387479.47302, 656926.30631 
30.75450, 387418.46326, 655296.21622 
30.66637, 387357.30811, 653666.12613 
30.57832, 387296.00685, 652036.03604 
30.49035, 387234.55874, 650405.94595 
30.40245, 387172.96305, 648775.85586 
30.31463, 387111.21903, 647145.76577 
30.22688, 387049.32593, 645515.67568 
30.13921, 386987.28300, 643885.58559 
30.05161, 386925.08948, 642255.49550 
29.96409, 386862.74460, 640625.40541 
29.87664, 386800.24759, 638995.31532 
29.78927, 386737.59768, 637365.22523 
29.70197, 386674.79407, 635735.13514 
29.61475, 386611.83598, 634105.04505 
29.52760, 386548.72261, 632474.95495 
29.44053, 386485.45316, 630844.86486 
29.35353, 386422.02682, 629214.77477 
29.26661, 386358.44278, 627584.68468 
29.17976, 386294.70022, 625954.59459 
29.09298, 386230.79831, 624324.50450 
29.00627, 386166.73622, 622694.41441 
28.91964, 386102.51311, 621064.32432 
28.83309, 386038.12812, 619434.23423 
28.74660, 385973.58042, 617804.14414 
28.66019, 385908.86913, 616174.05405 
28.57385, 385843.99340, 614543.96396 
28.48759, 385778.95234, 612913.87387 
28.40140, 385713.74508, 611283.78378 
28.31528, 385648.37074, 609653.69369 
28.22923, 385582.82841, 608023.60360 
28.14325, 385517.11719, 606393.51351 
28.05735, 385451.23619, 604763.42342 
27.97152, 385385.18447, 603133.33333 
27.88576, 385318.96113, 601503.24324 
27.80007, 385252.56522, 599873.15315 
27.71445, 385185.99581, 598243.06306 
27.62891, 385119.25196, 596612.97297 
27.54343, 385052.33270, 594982.88288 
27.45803, 384985.23709, 593352.79279 
27.37270, 384917.96414, 591722.70270 
27.28744, 384850.51289, 590092.61261 
27.20225, 384782.88235, 588462.52252 
27.11713, 384715.07152, 586832.43243 
27.03208, 384647.07940, 585202.34234 
26.94710, 384578.90499, 583572.25225 
26.86219, 384510.54726, 581942.16216 
26.77735, 384442.00520, 580312.07207 
26.69258, 384373.27776, 578681.98198 
26.60788, 384304.36389, 577051.89189 
26.52325, 384235.26256, 575421.80180 
26.43869, 384165.97270, 573791.71171 
26.35420, 384096.49323, 572161.62162 
26.26978, 384026.82307, 570531.53153 
26.18543, 383956.96115, 568901.44144 
26.10114, 383886.90635, 567271.35135 
26.01693, 383816.65758, 565641.26126 
25.93278, 383746.21372, 564011.17117 
25.84870, 383675.57363, 562381.08108 
25.76470, 383604.73619, 560750.99099 
25.68075, 383533.70025, 559120.90090 
25.59688, 383462.46465, 557490.81081 
25.51308, 383391.02823, 555860.72072 
25.42934, 383319.38981, 554230.63063 
25.34567, 383247.54820, 552600.54054 
25.26207, 383175.50221, 550970.45045 
25.17854, 383103.25062, 549340.36036 
25.09507, 383030.79224, 547710.27027 
25.01167, 382958.12581, 546080.18018 
24.92834, 382885.25011, 544450.09009 
24.84507, 382812.16388, 542820.00000 
24.76188, 382738.86586, 541189.90991 
24.67874, 382665.35478, 539559.81982 
24.59568, 382591.62935, 537929.72973 
24.51268, 382517.68828, 536299.63964 
24.42975, 382443.53026, 534669.54955 
24.34688, 382369.15397, 533039.45946 
24.26408, 382294.55808, 531409.36937 
24.18135, 382219.74124, 529779.27928 
24.09868, 382144.70210, 528149.18919 
24.01608, 382069.43929, 526519.09910 
23.93354, 381993.95143, 524889.00901 
23.85107, 381918.23712, 523258.91892 
23.76867, 381842.29495, 521628.82883 
23.68633, 381766.12351, 519998.73874 
23.60405, 381689.72137, 518368.64865 
23.52184, 381613.08707, 516738.55856 
23.43970, 381536.21916, 515108.46847 
23.35762, 381459.11616, 513478.37838 
23.27560, 381381.77658, 511848.28829 
23.19365, 381304.19893, 510218.19820 
23.11176, 381226.38168, 508588.10811 
23.02994, 381148.32331, 506958.01802 
22.94818, 381070.02227, 505327.92793 
22.86648, 380991.47699, 503697.83784 
22.78485, 380912.68591, 502067.74775 
22.70328, 380833.64743, 500437.65766 
22.62178, 380754.35995, 498807.56757 
22.54034, 380674.82185, 497177.47748 
22.45896, 380595.03148, 495547.38739 
22.37765, 380514.98720, 493917.29730 
22.29640, 380434.68733, 492287.20721 
22.21521, 380354.13019, 490657.11712 
22.13408, 380273.31407, 489027.02703 
22.05302, 380192.23727, 487396.93694 
21.97202, 380110.89803, 485766.84685 
21.89109, 380029.29461, 484136.75676 
21.81021, 379947.42523, 482506.66667 
21.72940, 379865.28810, 480876.57658 
21.64865, 379782.88142, 479246.48649 
21.56796, 379700.20336, 477616.39640 
21.48733, 379617.25208, 475986.30631 
21.40677, 379534.02571, 474356.21622 
21.32627, 379450.52237, 472726.12613 
21.24582, 379366.74016, 471096.03604 
21.16544, 379282.67715, 469465.94595 
21.08512, 379198.33141, 467835.85586 
21.00487, 379113.70098, 466205.76577 
20.92467, 379028.78386, 464575.67568 
20.84453, 378943.57807, 462945.58559 
20.76446, 378858.08158, 461315.49550 
20.68444, 378772.29234, 459685.40541 
20.60449, 378686.20828, 458055.31532 
20.52460, 378599.82733, 456425.22523 
20.44476, 378513.14736, 454795.13514 
20.36499, 378426.16624, 453165.04505 
20.28528, 378338.88183, 451534.95495 
20.20563, 378251.29194, 449904.86486 
20.12603, 378163.39436, 448274.77477 
20.04650, 378075.18688, 446644.68468 
19.96703, 377986.66724, 445014.59459 
19.88761, 377897.83316, 443384.50450 
19.80826, 377808.68235, 441754.41441 
19.72896, 377719.21249, 440124.32432 
19.64972, 377629.42121, 438494.23423 
19.57055, 377539.30615, 436864.14414 
19.49143, 377448.86490, 435234.05405 
19.41237, 377358.09503, 433603.96396 
19.33337, 377266.99409, 431973.87387 
19.25442, 377175.55959, 430343.78378 
19.17554, 377083.78901, 428713.69369 
19.09671, 376991.67981, 427083.60360 
19.01795, 376899.22943, 425453.51351 
18.93924, 376806.43527, 423823.42342 
18.86058, 376713.29469, 422193.33333 
18.78199, 376619.80504, 420563.24324 
18.70345, 376525.96363, 418933.15315 
18.62498, 376431.76773, 417303.06306 
18.54655, 376337.21460, 415672.97297 
18.46819, 376242.30144, 414042.88288 
18.38988, 376147.02544, 412412.79279 
18.31163, 376051.38375, 410782.70270 
18.23344, 375955.37349, 409152.61261 
18.15531, 375858.99173, 407522.52252 
18.07723, 375762.23552, 405892.43243 
17.99921, 375665.10187, 404262.34234 
17.92124, 375567.58776, 402632.25225 
17.84333, 375469.69013, 401002.16216 
17.76548, 375371.40587, 399372.07207 
17.68768, 375272.73186, 397741.98198 
17.60994, 375173.66492, 396111.89189 
17.53226, 375074.20183, 394481.80180 
17.45463, 374974.33934, 392851.71171 
17.37705, 374874.07416, 391221.62162 
17.29954, 374773.40295, 389591.53153 
17.22207, 374672.32234, 387961.44144 
17.14467, 374570.82892, 386331.35135 
17.06732, 374468.91921, 384701.26126 
16.99002, 374366.58972, 383071.17117 
16.91278, 374263.83690, 381441.08108 
16.83559, 374160.65716, 379810.99099 
16.75846, 374057.04685, 378180.90090 
16.68138, 373953.00228, 376550.81081 
16.60436, 373848.51974, 374920.72072 
16.52739, 373743.59542, 373290.63063 
16.45048, 373638.22550, 371660.54054 
16.37362, 373532.40610, 370030.45045 
16.29681, 373426.13328, 368400.36036 
16.22006, 373319.40333, 366770.27027 
16.14337, 373212.21168, 365140.18018 
16.06672, 373104.55450, 363510.09009 
15.99013, 372996.42765, 361880.00000 
15.91360, 372887.82693, 360249.90991 
15.83711, 372778.74807, 358619.81982 
15.76068, 372669.18677, 356989.72973 
15.68431, 372559.13864, 355359.63964 
15.60798, 372448.59926, 353729.54955 
15.53171, 372337.56413, 352099.45946 
15.45549, 372226.02869, 350469.36937 
15.37933, 372113.98832, 348839.27928 
15.30322, 372001.43834, 347209.18919 
15.22715, 371888.37400, 345579.09910 
15.15115, 371774.79048, 343949.00901 
15.07519, 371660.68290, 342318.91892 
14.99929, 371546.04630, 340688.82883 
14.92344, 371430.87566, 339058.73874 
14.84764, 371315.16588, 337428.64865 
14.77189, 371198.91179, 335798.55856 
14.69619, 371082.10815, 334168.46847 
14.62055, 370964.74964, 332538.37838 
14.54495, 370846.83085, 330908.28829 
14.46941, 370728.34632, 329278.19820 
14.39392, 370609.29047, 327648.10811 
14.31848, 370489.65767, 326018.01802 
14.24309, 370369.44220, 324387.92793 
14.16775, 370248.63825, 322757.83784 
14.09246, 370127.23990, 321127.74775 
14.01723, 370005.24119, 319497.65766 
13.94204, 369882.63603, 317867.56757 
13.86690, 369759.41824, 316237.47748 
13.79182, 369635.58156, 314607.38739 
13.71678, 369511.11964, 312977.29730 
13.64180, 369386.02599, 311347.20721 
13.56686, 369260.29408, 309717.11712 
13.49197, 369133.91722, 308087.02703 
13.41714, 369006.88864, 306456.93694 
13.34235, 368879.20148, 304826.84685 
13.26761, 368750.84873, 303196.75676 
13.19292, 368621.82331, 301566.66667 
13.11828, 368492.11800, 299936.57658 
13.04369, 368361.72546, 298306.48649 
12.96915, 368230.63825, 296676.39640 
12.89466, 368098.84879, 295046.30631 
12.82021, 367966.34938, 293416.21622 
12.74582, 367833.13221, 291786.12613 
12.67147, 367699.18932, 290156.03604 
12.59717, 367564.51261, 288525.94595 
12.52292, 367429.09387, 286895.85586 
12.44872, 367292.92473, 285265.76577 
12.37456, 367155.99668, 283635.67568 
12.30045, 367018.30108, 282005.58559 
12.22639, 366879.82911, 280375.49550 
12.15238, 366740.57184, 278745.40541 
12.07842, 366600.52014, 277115.31532 
12.00450, 366459.66476, 275485.22523 
11.93063, 366317.99624, 273855.13514 
11.85680, 366175.50501, 272225.04505 
11.78303, 366032.18128, 270594.95495 
11.70930, 365888.01510, 268964.86486 
11.63561, 365742.99636, 267334.77477 
11.56198, 365597.11473, 265704.68468 
11.48839, 365450.35972, 264074.59459 
11.41484, 365302.72064, 262444.50450 
11.34134, 365154.18659, 260814.41441 
11.26789, 365004.74649, 259184.32432 
11.19448, 364854.38902, 257554.23423 
11.12112, 364703.10268, 255924.14414 
11.04781, 364550.87572, 254294.05405 
10.97454, 364397.69620, 252663.96396 
10.90132, 364243.55192, 251033.87387 
10.82814, 364088.43045, 249403.78378 
10.75500, 363932.31914, 247773.69369 
10.68191, 363775.20506, 246143.60360 
10.60887, 363617.07504, 244513.51351 
10.53587, 363457.91566, 242883.42342 
10.46291, 363297.71321, 241253.33333 
10.39000, 363136.45372, 239623.24324 
10.31714, 362974.12292, 237993.15315 
10.24431, 362810.70625, 236363.06306 
10.17153, 362646.18888, 234732.97297 
10.09880, 362480.55564, 233102.88288 
10.02611, 362313.79105, 231472.79279 
9.95346, 362145.87932, 229842.70270 
9.88085, 361976.80430, 228212.61261 
9.80829, 361806.54952, 226582.52252 
9.73578, 361635.09816, 224952.43243 
9.66330, 361462.43300, 223322.34234 
9.59087, 361288.53648, 221692.25225 
9.51848, 361113.39065, 220062.16216 
9.44613, 360936.97714, 218432.07207 
9.37382, 360759.27721, 216801.98198 
9.30156, 360580.27166, 215171.89189 
9.22934, 360399.94088, 213541.80180 
9.15716, 360218.26481, 211911.71171 
9.08502, 360035.22292, 210281.62162 
9.01293, 359850.79421, 208651.53153 
8.94087, 359664.95720, 207021.44144 
8.86886, 359477.68990, 205391.35135 
8.79689, 359288.96978, 203761.26126 
8.72496, 359098.77379, 202131.17117 
8.65307, 358907.07834, 200501.08108 
8.58122, 358713.85924, 198870.99099 
8.50941, 358519.09172, 197240.90090 
8.43764, 358322.75040, 195610.81081 
8.36591, 358124.80926, 193980.72072 
8.29422, 357925.24165, 192350.63063 
8.22257, 357724.02021, 190720.54054 
8.15096, 357521.11691, 189090.45045 
8.07939, 357316.50299, 187460.36036 
8.00786, 357110.14895, 185830.27027 
7.93637, 356902.02451, 184200.18018 
7.86491, 356692.09858, 182570.09009 
7.79350, 356480.33927, 180940.00000 
